  0.000000,  0.000000,  1.000000,  0.000000,  1.000000,  0.000000, -1.000000,  0.000000,  0.000000,  0.000000,  0.000000,  0.500000,  0.000000
  0.000000,  0.000000,  1.000000,  0.000000,  1.000000,  0.000000, -1.000000,  0.000000,  0.000000,  0.000000,  0.000000,  0.500000,  0.000000
  0.000000,  0.000000,  1.000000,  0.000000,  1.000000,  0.000000, -1.000000,  0.000000,  0.000000,  0.000000,  0.000000,  0.500000,  0.000000
  0.000000,  0.000000,  1.000000,  0.000000,  1.000000,  0.000000, -1.000000,  0.000000,  0.000000,  0.000000,  0.000000,  0.500000,  0.000000
  0.000000,  0.000000,  1.000000,  0.000000,  1.000000,  0.000000, -1.000000,  0.000000,  0.000000,  0.000000,  0.000000,  0.500000,  0.000000
  0.000000,  0.000000,  1.000000,  0.000000,  1.000000,  0.000000, -1.000000,  0.000000,  0.000000,  0.000000,  0.000000,  0.500000,  0.000000
  0.000000,  0.000000,  1.000000,  0.000000,  1.000000,  0.000000, -1.000000,  0.000000,  0.000000,  0.000001,  0.000000,  0.500000,  0.000000
 -0.000001, -0.000001,  1.000000, -0.000000,  1.000000,  0.000001, -1.000000, -0.000000, -0.000001,  0.000001,  0.000000,  0.500000,  0.000000
 -0.000001, -0.000001,  1.000000, -0.000001,  1.000000,  0.000001, -1.000000, -0.000001, -0.000001,  0.000002,  0.000000,  0.500000,  0.000000
 -0.000001, -0.000002,  1.000000, -0.000001,  1.000000,  0.000002, -1.000000, -0.000001, -0.000001,  0.000002,  0.000000,  0.500000,  0.000000
 -0.000002, -0.000003,  1.000000, -0.000001,  1.000000,  0.000003, -1.000000, -0.000001, -0.000002,  0.000003,  0.000000,  0.500000,  0.000000
 -0.000003, -0.000003,  1.000000, -0.000001,  1.000000,  0.000003, -1.000000, -0.000001, -0.000003,  0.000004,  0.000000,  0.500000,  0.000000
 -0.000003, -0.000004,  1.000000, -0.000002,  1.000000,  0.000004, -1.000000, -0.000002, -0.000003,  0.000006,  0.000000,  0.500000,  0.000000
 -0.000004, -0.000006,  1.000000, -0.000002,  1.000000,  0.000006, -1.000000, -0.000002, -0.000004,  0.000007,  0.000000,  0.500000,  0.000000
 -0.000005, -0.000007,  1.000000, -0.000003,  1.000000,  0.000007, -1.000000, -0.000003, -0.000005,  0.000009,  0.000000,  0.500001,  0.000000
 -0.000006, -0.000008,  1.000000, -0.000004,  1.000000,  0.000008, -1.000000, -0.000004, -0.000006,  0.000011,  0.000000,  0.500001,  0.000000
 -0.000008, -0.000010,  1.000000, -0.000004,  1.000000,  0.000010, -1.000000, -0.000004, -0.000008,  0.000014,  0.000000,  0.500001,  0.000000
 -0.000009, -0.000012,  1.000000, -0.000005,  1.000000,  0.000012, -1.000000, -0.000005, -0.000009,  0.000016,  0.000000,  0.500001,  0.000000
 -0.000011, -0.000015,  1.000000, -0.000006,  1.000000,  0.000015, -1.000000, -0.000006, -0.000011,  0.000019,  0.000000,  0.500001,  0.000000
 -0.000013, -0.000017,  1.000000, -0.000007,  1.000000,  0.000017, -1.000000, -0.000007, -0.000013,  0.000023,  0.000000,  0.500001,  0.000000
 -0.000015, -0.000020,  1.000000, -0.000008,  1.000000,  0.000020, -1.000000, -0.000008, -0.000015,  0.000027,  0.000000,  0.500002,  0.000000
 -0.000018, -0.000023,  1.000000, -0.000010,  1.000000,  0.000023, -1.000000, -0.000010, -0.000018,  0.000031,  0.000000,  0.500002,  0.000000
 -0.000020, -0.000027,  1.000000, -0.000011,  1.000000,  0.000027, -1.000000, -0.000011, -0.000020,  0.000035,  0.000000,  0.500002,  0.000000
 -0.000023, -0.000030,  1.000000, -0.000013,  1.000000,  0.000030, -1.000000, -0.000013, -0.000023,  0.000040,  0.000000,  0.500002,  0.000000
 -0.000026, -0.000034,  1.000000, -0.000014,  1.000000,  0.000034, -1.000000, -0.000014, -0.000026,  0.000046,  0.000000,  0.500003,  0.000000
 -0.000029, -0.000039,  1.000000, -0.000016,  1.000000,  0.000039, -1.000000, -0.000016, -0.000029,  0.000052,  0.000001,  0.500003,  0.000000
 -0.000033, -0.000044,  1.000000, -0.000018,  1.000000,  0.000044, -1.000000, -0.000018, -0.000033,  0.000058,  0.000001,  0.500004,  0.000000
 -0.000037, -0.000049,  1.000000, -0.000020,  1.000000,  0.000049, -1.000000, -0.000020, -0.000037,  0.000065,  0.000001,  0.500004,  0.000000
 -0.000041, -0.000054,  1.000000, -0.000023,  1.000000,  0.000054, -1.000000, -0.000023, -0.000041,  0.000072,  0.000001,  0.500004,  0.000000
 -0.000046, -0.000060,  1.000000, -0.000025,  1.000000,  0.000060, -1.000000, -0.000025, -0.000046,  0.000080,  0.000001,  0.500005,  0.000000
 -0.000051, -0.000067,  1.000000, -0.000028,  1.000000,  0.000067, -1.000000, -0.000028, -0.000051,  0.000089,  0.000001,  0.500005,  0.000000
 -0.000056, -0.000074,  1.000000, -0.000030,  1.000000,  0.000074, -1.000000, -0.000030, -0.000056,  0.000098,  0.000001,  0.500006,  0.000000
 -0.000061, -0.000081,  1.000000, -0.000033,  1.000000,  0.000081, -1.000000, -0.000033, -0.000061,  0.000108,  0.000001,  0.500007,  0.000000
 -0.000067, -0.000089,  1.000000, -0.000037,  1.000000,  0.000089, -1.000000, -0.000037, -0.000067,  0.000118,  0.000001,  0.500007,  0.000000
 -0.000073, -0.000097,  1.000000, -0.000040,  1.000000,  0.000097, -1.000000, -0.000040, -0.000073,  0.000129,  0.000001,  0.500008,  0.000000
 -0.000080, -0.000106,  1.000000, -0.000044,  1.000000,  0.000106, -1.000000, -0.000044, -0.000080,  0.000140,  0.000001,  0.500009,  0.000000
 -0.000087, -0.000115,  1.000000, -0.000048,  1.000000,  0.000115, -1.000000, -0.000048, -0.000087,  0.000153,  0.000002,  0.500009,  0.000000
 -0.000094, -0.000124,  1.000000, -0.000052,  1.000000,  0.000124, -1.000000, -0.000052, -0.000094,  0.000166,  0.000002,  0.500010,  0.000000
 -0.000102, -0.000135,  1.000000, -0.000056,  1.000000,  0.000135, -1.000000, -0.000056, -0.000102,  0.000179,  0.000002,  0.500011,  0.000000
 -0.000110, -0.000145,  1.000000, -0.000060,  1.000000,  0.000145, -1.000000, -0.000060, -0.000110,  0.000194,  0.000002,  0.500012,  0.000000
 -0.000119, -0.000157,  1.000000, -0.000065,  1.000000,  0.000157, -1.000000, -0.000065, -0.000119,  0.000209,  0.000002,  0.500013,  0.000000
 -0.000128, -0.000169,  1.000000, -0.000070,  1.000000,  0.000169, -1.000000, -0.000070, -0.000128,  0.000224,  0.000002,  0.500014,  0.000000
 -0.000137, -0.000181,  1.000000, -0.000075,  1.000000,  0.000181, -1.000000, -0.000075, -0.000137,  0.000241,  0.000003,  0.500015,  0.000000
 -0.000147, -0.000194,  1.000000, -0.000080,  1.000000,  0.000194, -1.000000, -0.000080, -0.000147,  0.000258,  0.000003,  0.500016,  0.000000
 -0.000158, -0.000208,  1.000000, -0.000086,  1.000000,  0.000208, -1.000000, -0.000086, -0.000158,  0.000277,  0.000003,  0.500017,  0.000000
 -0.000168, -0.000222,  1.000000, -0.000092,  1.000000,  0.000222, -1.000000, -0.000092, -0.000168,  0.000296,  0.000003,  0.500018,  0.000000
 -0.000180, -0.000237,  1.000000, -0.000098,  1.000000,  0.000237, -1.000000, -0.000098, -0.000180,  0.000315,  0.000003,  0.500019,  0.000000
 -0.000191, -0.000252,  1.000000, -0.000105,  1.000000,  0.000252, -1.000000, -0.000105, -0.000191,  0.000336,  0.000004,  0.500020,  0.000000
 -0.000204, -0.000269,  1.000000, -0.000111,  1.000000,  0.000269, -1.000000, -0.000111, -0.000204,  0.000358,  0.000004,  0.500022,  0.000000
 -0.000216, -0.000286,  1.000000, -0.000118,  1.000000,  0.000286, -1.000000, -0.000118, -0.000217,  0.000380,  0.000004,  0.500023,  0.000000
 -0.000230, -0.000303,  1.000000, -0.000126,  1.000000,  0.000303, -1.000000, -0.000125, -0.000230,  0.000404,  0.000004,  0.500025,  0.000000
 -0.000244, -0.000321,  1.000000, -0.000133,  1.000000,  0.000321, -1.000000, -0.000133, -0.000244,  0.000428,  0.000004,  0.500026,  0.000000
 -0.000258, -0.000340,  1.000000, -0.000141,  1.000000,  0.000340, -1.000000, -0.000141, -0.000258,  0.000453,  0.000005,  0.500028,  0.000000
 -0.000273, -0.000360,  1.000000, -0.000149,  1.000000,  0.000360, -1.000000, -0.000149, -0.000273,  0.000479,  0.000005,  0.500029,  0.000000
 -0.000288, -0.000380,  1.000000, -0.000158,  1.000000,  0.000380, -1.000000, -0.000157, -0.000288,  0.000506,  0.000005,  0.500031,  0.000000
 -0.000304, -0.000401,  1.000000, -0.000166,  1.000000,  0.000401, -1.000000, -0.000166, -0.000304,  0.000534,  0.000006,  0.500033,  0.000000
 -0.000321, -0.000423,  1.000000, -0.000175,  1.000000,  0.000423, -1.000000, -0.000175, -0.000321,  0.000564,  0.000006,  0.500034,  0.000000
 -0.000338, -0.000446,  1.000000, -0.000185,  1.000000,  0.000446, -1.000000, -0.000185, -0.000338,  0.000594,  0.000006,  0.500036,  0.000000
 -0.000356, -0.000469,  1.000000, -0.000194,  1.000000,  0.000469, -1.000000, -0.000194, -0.000356,  0.000625,  0.000007,  0.500038,  0.000000
 -0.000374, -0.000494,  1.000000, -0.000205,  1.000000,  0.000493, -1.000000, -0.000204, -0.000374,  0.000657,  0.000007,  0.500040,  0.000000
 -0.000393, -0.000519,  1.000000, -0.000215,  1.000000,  0.000518, -1.000000, -0.000215, -0.000393,  0.000690,  0.000007,  0.500042,  0.000000
 -0.000413, -0.000544,  1.000000, -0.000226,  1.000000,  0.000544, -1.000000, -0.000225, -0.000413,  0.000725,  0.000008,  0.500044,  0.000000
 -0.000433, -0.000571,  1.000000, -0.000237,  1.000000,  0.000571, -1.000000, -0.000236, -0.000433,  0.000760,  0.000008,  0.500046,  0.000000
 -0.000454, -0.000599,  1.000000, -0.000248,  1.000000,  0.000598, -1.000000, -0.000248, -0.000454,  0.000797,  0.000008,  0.500048,  0.000000
 -0.000475, -0.000627,  1.000000, -0.000260,  1.000000,  0.000627, -1.000000, -0.000259, -0.000475,  0.000835,  0.000009,  0.500051,  0.000000
 -0.000497, -0.000656,  1.000000, -0.000272,  1.000000,  0.000656, -1.000000, -0.000272, -0.000497,  0.000873,  0.000009,  0.500053,  0.000000
 -0.000520, -0.000686,  1.000000, -0.000284,  1.000000,  0.000686, -1.000000, -0.000284, -0.000520,  0.000913,  0.000010,  0.500056,  0.000000
 -0.000544, -0.000717,  1.000000, -0.000297,  1.000000,  0.000717, -1.000000, -0.000297, -0.000544,  0.000955,  0.000010,  0.500058,  0.000000
 -0.000568, -0.000749,  1.000000, -0.000310,  1.000000,  0.000749, -1.000000, -0.000310, -0.000568,  0.000997,  0.000011,  0.500061,  0.000000
 -0.000592, -0.000782,  1.000000, -0.000324,  1.000000,  0.000781, -1.000000, -0.000324, -0.000593,  0.001041,  0.000011,  0.500063,  0.000000
 -0.000618, -0.000815,  0.999999, -0.000338,  1.000000,  0.000815, -1.000000, -0.000337, -0.000618,  0.001085,  0.000012,  0.500066,  0.000000
 -0.000644, -0.000850,  0.999999, -0.000352,  1.000000,  0.000850, -1.000000, -0.000352, -0.000644,  0.001132,  0.000012,  0.500069,  0.000000
 -0.000671, -0.000885,  0.999999, -0.000367,  1.000000,  0.000885, -1.000000, -0.000366, -0.000671,  0.001179,  0.000013,  0.500072,  0.000000
 -0.000699, -0.000922,  0.999999, -0.000382,  1.000000,  0.000922, -1.000000, -0.000382, -0.000699,  0.001227,  0.000013,  0.500075,  0.000000
 -0.000727, -0.000959,  0.999999, -0.000398,  0.999999,  0.000959, -1.000000, -0.000397, -0.000728,  0.001277,  0.000014,  0.500078,  0.000000
 -0.000756, -0.000998,  0.999999, -0.000414,  0.999999,  0.000998, -1.000000, -0.000413, -0.000757,  0.001328,  0.000014,  0.500081,  0.000000
 -0.000786, -0.001037,  0.999999, -0.000430,  0.999999,  0.001037, -1.000000, -0.000429, -0.000787,  0.001381,  0.000015,  0.500084,  0.000000
 -0.000817, -0.001078,  0.999999, -0.000447,  0.999999,  0.001077, -1.000000, -0.000446, -0.000817,  0.001435,  0.000016,  0.500087,  0.000000
 -0.000848, -0.001119,  0.999999, -0.000464,  0.999999,  0.001119, -1.000000, -0.000463, -0.000849,  0.001490,  0.000016,  0.500090,  0.000000
 -0.000880, -0.001162,  0.999999, -0.000482,  0.999999,  0.001161, -0.999999, -0.000481, -0.000881,  0.001546,  0.000017,  0.500094,  0.000000
 -0.000913, -0.001205,  0.999999, -0.000500,  0.999999,  0.001205, -0.999999, -0.000498, -0.000914,  0.001604,  0.000018,  0.500097,  0.000000
 -0.000947, -0.001249,  0.999999, -0.000518,  0.999999,  0.001249, -0.999999, -0.000517, -0.000948,  0.001663,  0.000018,  0.500101,  0.000000
 -0.000981, -0.001295,  0.999999, -0.000537,  0.999999,  0.001295, -0.999999, -0.000536, -0.000982,  0.001724,  0.000019,  0.500104,  0.000000
 -0.001017, -0.001342,  0.999999, -0.000556,  0.999999,  0.001341, -0.999999, -0.000555, -0.001017,  0.001786,  0.000020,  0.500108,  0.000000
 -0.001053, -0.001389,  0.999998, -0.000576,  0.999999,  0.001389, -0.999999, -0.000575, -0.001054,  0.001850,  0.000020,  0.500112,  0.000000
 -0.001090, -0.001438,  0.999998, -0.000596,  0.999999,  0.001437, -0.999999, -0.000595, -0.001091,  0.001914,  0.000021,  0.500116,  0.000000
 -0.001127, -0.001488,  0.999998, -0.000617,  0.999999,  0.001487, -0.999999, -0.000615, -0.001128,  0.001981,  0.000022,  0.500120,  0.000000
 -0.001166, -0.001539,  0.999998, -0.000638,  0.999999,  0.001538, -0.999999, -0.000636, -0.001167,  0.002049,  0.000023,  0.500124,  0.000000
 -0.001206, -0.001591,  0.999998, -0.000660,  0.999999,  0.001590, -0.999999, -0.000658, -0.001207,  0.002118,  0.000024,  0.500128,  0.000000
 -0.001246, -0.001644,  0.999998, -0.000682,  0.999998,  0.001643, -0.999999, -0.000680, -0.001247,  0.002189,  0.000024,  0.500132,  0.000000
 -0.001287, -0.001699,  0.999998, -0.000704,  0.999998,  0.001698, -0.999999, -0.000702, -0.001288,  0.002261,  0.000025,  0.500137,  0.000000
 -0.001329, -0.001754,  0.999998, -0.000728,  0.999998,  0.001753, -0.999999, -0.000725, -0.001330,  0.002335,  0.000026,  0.500141,  0.000000
 -0.001372, -0.001811,  0.999997, -0.000751,  0.999998,  0.001810, -0.999999, -0.000749, -0.001373,  0.002410,  0.000027,  0.500146,  0.000000
 -0.001416, -0.001869,  0.999997, -0.000775,  0.999998,  0.001867, -0.999999, -0.000772, -0.001417,  0.002487,  0.000028,  0.500150,  0.000000
 -0.001460, -0.001928,  0.999997, -0.000800,  0.999998,  0.001926, -0.999999, -0.000797, -0.001462,  0.002566,  0.000029,  0.500155,  0.000000
 -0.001506, -0.001988,  0.999997, -0.000825,  0.999998,  0.001987, -0.999999, -0.000822, -0.001507,  0.002646,  0.000030,  0.500160,  0.000000
 -0.001552, -0.002049,  0.999997, -0.000850,  0.999998,  0.002048, -0.999998, -0.000847, -0.001554,  0.002728,  0.000031,  0.500164,  0.000000
 -0.001600, -0.002112,  0.999996, -0.000876,  0.999997,  0.002110, -0.999998, -0.000873, -0.001602,  0.002811,  0.000032,  0.500169,  0.000000
 -0.001648, -0.002176,  0.999996, -0.000903,  0.999997,  0.002174, -0.999998, -0.000899, -0.001650,  0.002896,  0.000033,  0.500174,  0.000000
 -0.001697, -0.002241,  0.999996, -0.000930,  0.999997,  0.002239, -0.999998, -0.000926, -0.001699,  0.002982,  0.000034,  0.500180,  0.000000
 -0.001747, -0.002307,  0.999996, -0.000957,  0.999997,  0.002305, -0.999998, -0.000953, -0.001750,  0.003071,  0.000035,  0.500185,  0.000000
 -0.001798, -0.002374,  0.999996, -0.000985,  0.999997,  0.002373, -0.999998, -0.000981, -0.001801,  0.003160,  0.000036,  0.500190,  0.000000
 -0.001850, -0.002443,  0.999995, -0.001014,  0.999997,  0.002441, -0.999998, -0.001009, -0.001853,  0.003252,  0.000038,  0.500196,  0.000000
 -0.001903, -0.002513,  0.999995, -0.001043,  0.999996,  0.002511, -0.999998, -0.001038, -0.001906,  0.003345,  0.000039,  0.500201,  0.000000
 -0.001957, -0.002584,  0.999995, -0.001073,  0.999996,  0.002582, -0.999998, -0.001068, -0.001960,  0.003440,  0.000040,  0.500207,  0.000000
 -0.002012, -0.002657,  0.999994, -0.001103,  0.999996,  0.002655, -0.999997, -0.001097, -0.002015,  0.003537,  0.000041,  0.500212,  0.000000
 -0.002068, -0.002731,  0.999994, -0.001134,  0.999996,  0.002729, -0.999997, -0.001128, -0.002071,  0.003635,  0.000043,  0.500218,  0.000000
 -0.002125, -0.002806,  0.999994, -0.001165,  0.999995,  0.002804, -0.999997, -0.001159, -0.002128,  0.003735,  0.000044,  0.500224,  0.000000
 -0.002183, -0.002883,  0.999993, -0.001197,  0.999995,  0.002880, -0.999997, -0.001190, -0.002186,  0.003837,  0.000045,  0.500230,  0.000000
 -0.002242, -0.002961,  0.999993, -0.001229,  0.999995,  0.002958, -0.999997, -0.001222, -0.002245,  0.003940,  0.000047,  0.500236,  0.000000
 -0.002302, -0.003040,  0.999993, -0.001262,  0.999995,  0.003037, -0.999997, -0.001255, -0.002306,  0.004046,  0.000048,  0.500242,  0.000000
 -0.002363, -0.003120,  0.999992, -0.001295,  0.999994,  0.003117, -0.999996, -0.001288, -0.002367,  0.004153,  0.000049,  0.500249,  0.000000
 -0.002425, -0.003202,  0.999992, -0.001330,  0.999994,  0.003199, -0.999996, -0.001322, -0.002429,  0.004262,  0.000051,  0.500255,  0.000000
 -0.002487, -0.003285,  0.999992, -0.001364,  0.999994,  0.003282, -0.999996, -0.001356, -0.002492,  0.004372,  0.000052,  0.500262,  0.000000
 -0.002551, -0.003370,  0.999991, -0.001399,  0.999993,  0.003366, -0.999996, -0.001391, -0.002556,  0.004485,  0.000054,  0.500268,  0.000000
 -0.002616, -0.003456,  0.999991, -0.001435,  0.999993,  0.003452, -0.999996, -0.001426, -0.002621,  0.004599,  0.000056,  0.500275,  0.000000
 -0.002682, -0.003543,  0.999990, -0.001472,  0.999993,  0.003539, -0.999995, -0.001462, -0.002688,  0.004715,  0.000057,  0.500282,  0.000000
 -0.002750, -0.003632,  0.999990, -0.001509,  0.999992,  0.003628, -0.999995, -0.001499, -0.002755,  0.004834,  0.000059,  0.500288,  0.000000
 -0.002818, -0.003722,  0.999989, -0.001546,  0.999992,  0.003718, -0.999995, -0.001536, -0.002823,  0.004953,  0.000061,  0.500295,  0.000000
 -0.002887, -0.003814,  0.999989, -0.001584,  0.999991,  0.003809, -0.999995, -0.001573, -0.002893,  0.005075,  0.000062,  0.500303,  0.000000
 -0.002957, -0.003907,  0.999988, -0.001623,  0.999991,  0.003902, -0.999994, -0.001611, -0.002964,  0.005199,  0.000064,  0.500310,  0.000000
 -0.003029, -0.004001,  0.999987, -0.001662,  0.999991,  0.003996, -0.999994, -0.001650, -0.003035,  0.005325,  0.000066,  0.500317,  0.000000
 -0.003101, -0.004097,  0.999987, -0.001702,  0.999990,  0.004092, -0.999994, -0.001690, -0.003108,  0.005452,  0.000068,  0.500324,  0.000000
 -0.003175, -0.004194,  0.999986, -0.001743,  0.999990,  0.004189, -0.999993, -0.001730, -0.003182,  0.005582,  0.000070,  0.500332,  0.000000
 -0.003249, -0.004293,  0.999986, -0.001784,  0.999989,  0.004287, -0.999993, -0.001770, -0.003257,  0.005713,  0.000072,  0.500340,  0.000000
 -0.003325, -0.004394,  0.999985, -0.001826,  0.999989,  0.004387, -0.999993, -0.001811, -0.003333,  0.005846,  0.000073,  0.500347,  0.000000
 -0.003402, -0.004495,  0.999984, -0.001868,  0.999988,  0.004489, -0.999992, -0.001853, -0.003410,  0.005982,  0.000076,  0.500355,  0.000000
 -0.003480, -0.004598,  0.999983, -0.001911,  0.999988,  0.004592, -0.999992, -0.001895, -0.003488,  0.006119,  0.000078,  0.500363,  0.000000
 -0.003559, -0.004703,  0.999983, -0.001955,  0.999987,  0.004696, -0.999992, -0.001938, -0.003568,  0.006258,  0.000080,  0.500371,  0.000000
 -0.003639, -0.004809,  0.999982, -0.001999,  0.999986,  0.004802, -0.999991, -0.001982, -0.003649,  0.006399,  0.000082,  0.500379,  0.000000
 -0.003720, -0.004917,  0.999981, -0.002044,  0.999986,  0.004910, -0.999991, -0.002026, -0.003730,  0.006543,  0.000084,  0.500387,  0.000000
 -0.003803, -0.005026,  0.999980, -0.002090,  0.999985,  0.005019, -0.999991, -0.002071, -0.003813,  0.006688,  0.000086,  0.500396,  0.000000
 -0.003887, -0.005137,  0.999979, -0.002136,  0.999985,  0.005129, -0.999990, -0.002116, -0.003897,  0.006835,  0.000089,  0.500404,  0.000000
 -0.003971, -0.005250,  0.999978, -0.002183,  0.999984,  0.005241, -0.999990, -0.002162, -0.003983,  0.006985,  0.000091,  0.500413,  0.000000
 -0.004057, -0.005363,  0.999977, -0.002231,  0.999983,  0.005354, -0.999989, -0.002209, -0.004069,  0.007136,  0.000093,  0.500421,  0.000000
 -0.004144, -0.005479,  0.999976, -0.002279,  0.999982,  0.005469, -0.999989, -0.002256, -0.004157,  0.007289,  0.000096,  0.500430,  0.000000
 -0.004233, -0.005596,  0.999975, -0.002328,  0.999982,  0.005586, -0.999988, -0.002304, -0.004246,  0.007445,  0.000098,  0.500439,  0.000000
 -0.004322, -0.005714,  0.999974, -0.002377,  0.999981,  0.005704, -0.999988, -0.002353, -0.004336,  0.007603,  0.000101,  0.500448,  0.000000
 -0.004413, -0.005835,  0.999973, -0.002427,  0.999980,  0.005824, -0.999987, -0.002402, -0.004427,  0.007762,  0.000103,  0.500457,  0.000000
 -0.004505, -0.005956,  0.999972, -0.002478,  0.999979,  0.005945, -0.999987, -0.002451, -0.004519,  0.007924,  0.000106,  0.500466,  0.000000
 -0.004598, -0.006080,  0.999971, -0.002530,  0.999978,  0.006068, -0.999986, -0.002502, -0.004613,  0.008088,  0.000109,  0.500475,  0.000000
 -0.004692, -0.006204,  0.999970, -0.002582,  0.999977,  0.006192, -0.999986, -0.002553, -0.004708,  0.008254,  0.000111,  0.500485,  0.000000
 -0.004787, -0.006331,  0.999969, -0.002635,  0.999977,  0.006318, -0.999985, -0.002605, -0.004804,  0.008422,  0.000114,  0.500494,  0.000000
 -0.004884, -0.006459,  0.999967, -0.002689,  0.999976,  0.006446, -0.999984, -0.002657, -0.004901,  0.008593,  0.000117,  0.500504,  0.000000
 -0.004982, -0.006589,  0.999966, -0.002743,  0.999975,  0.006575, -0.999984, -0.002710, -0.005000,  0.008765,  0.000120,  0.500513,  0.000000
 -0.005081, -0.006720,  0.999965, -0.002798,  0.999974,  0.006706, -0.999983, -0.002764, -0.005099,  0.008940,  0.000123,  0.500523,  0.000000
 -0.005181, -0.006853,  0.999963, -0.002853,  0.999973,  0.006839, -0.999983, -0.002818, -0.005200,  0.009116,  0.000126,  0.500533,  0.000000
 -0.005282, -0.006988,  0.999962, -0.002910,  0.999971,  0.006973, -0.999982, -0.002873, -0.005303,  0.009295,  0.000129,  0.500543,  0.000000
 -0.005385, -0.007124,  0.999960, -0.002967,  0.999970,  0.007108, -0.999981, -0.002929, -0.005406,  0.009477,  0.000132,  0.500553,  0.000000
 -0.005489, -0.007262,  0.999959, -0.003025,  0.999969,  0.007246, -0.999980, -0.002985, -0.005511,  0.009660,  0.000136,  0.500563,  0.000000
 -0.005594, -0.007402,  0.999957, -0.003083,  0.999968,  0.007385, -0.999980, -0.003042, -0.005617,  0.009846,  0.000139,  0.500573,  0.000000
 -0.005701, -0.007543,  0.999955, -0.003142,  0.999967,  0.007526, -0.999979, -0.003099, -0.005724,  0.010033,  0.000142,  0.500584,  0.000000
 -0.005809, -0.007686,  0.999954, -0.003202,  0.999965,  0.007668, -0.999978, -0.003158, -0.005833,  0.010223,  0.000146,  0.500594,  0.000000
 -0.005918, -0.007831,  0.999952, -0.003263,  0.999964,  0.007812, -0.999977, -0.003217, -0.005943,  0.010416,  0.000149,  0.500605,  0.000000
 -0.006028, -0.007978,  0.999950, -0.003324,  0.999963,  0.007958, -0.999976, -0.003276, -0.006054,  0.010610,  0.000153,  0.500616,  0.000000
 -0.006140, -0.008126,  0.999948, -0.003386,  0.999961,  0.008105, -0.999975, -0.003337, -0.006167,  0.010807,  0.000156,  0.500626,  0.000000
 -0.006252, -0.008276,  0.999946, -0.003449,  0.999960,  0.008254, -0.999975, -0.003398, -0.006281,  0.011006,  0.000160,  0.500637,  0.000000
 -0.006366, -0.008427,  0.999944, -0.003513,  0.999959,  0.008405, -0.999974, -0.003459, -0.006396,  0.011208,  0.000164,  0.500648,  0.000000
 -0.006482, -0.008580,  0.999942, -0.003577,  0.999957,  0.008557, -0.999973, -0.003522, -0.006512,  0.011411,  0.000168,  0.500660,  0.000000
 -0.006599, -0.008736,  0.999940, -0.003642,  0.999955,  0.008712, -0.999972, -0.003585, -0.006630,  0.011617,  0.000172,  0.500671,  0.000000
 -0.006717, -0.008892,  0.999938, -0.003708,  0.999954,  0.008868, -0.999971, -0.003648, -0.006749,  0.011825,  0.000176,  0.500682,  0.000000
 -0.006836, -0.009051,  0.999936, -0.003775,  0.999952,  0.009025, -0.999970, -0.003713, -0.006870,  0.012036,  0.000180,  0.500693,  0.000000
 -0.006956, -0.009211,  0.999933, -0.003842,  0.999950,  0.009185, -0.999968, -0.003778, -0.006991,  0.012249,  0.000184,  0.500705,  0.000000
 -0.007078, -0.009373,  0.999931, -0.003910,  0.999949,  0.009346, -0.999967, -0.003844, -0.007115,  0.012464,  0.000188,  0.500717,  0.000000
 -0.007202, -0.009537,  0.999929, -0.003979,  0.999947,  0.009509, -0.999966, -0.003910, -0.007239,  0.012682,  0.000193,  0.500728,  0.000000
 -0.007326, -0.009703,  0.999926, -0.004048,  0.999945,  0.009673, -0.999965, -0.003977, -0.007365,  0.012902,  0.000197,  0.500740,  0.000000
 -0.007452, -0.009870,  0.999924, -0.004119,  0.999943,  0.009840, -0.999964, -0.004045, -0.007492,  0.013124,  0.000202,  0.500752,  0.000000
 -0.007579, -0.010039,  0.999921, -0.004190,  0.999941,  0.010008, -0.999962, -0.004114, -0.007621,  0.013349,  0.000206,  0.500764,  0.000000
 -0.007708, -0.010210,  0.999918, -0.004262,  0.999939,  0.010178, -0.999961, -0.004183, -0.007751,  0.013576,  0.000211,  0.500776,  0.000000
 -0.007838, -0.010383,  0.999915, -0.004335,  0.999937,  0.010349, -0.999960, -0.004253, -0.007882,  0.013805,  0.000216,  0.500788,  0.000000
 -0.007969, -0.010558,  0.999913, -0.004408,  0.999935,  0.010523, -0.999959, -0.004324, -0.008015,  0.014037,  0.000221,  0.500801,  0.000000
 -0.008101, -0.010734,  0.999910, -0.004482,  0.999933,  0.010698, -0.999957, -0.004395, -0.008149,  0.014271,  0.000226,  0.500813,  0.000000
 -0.008235, -0.010912,  0.999907, -0.004557,  0.999930,  0.010875, -0.999956, -0.004467, -0.008284,  0.014508,  0.000231,  0.500826,  0.000000
 -0.008370, -0.011092,  0.999903, -0.004633,  0.999928,  0.011054, -0.999954, -0.004540, -0.008421,  0.014747,  0.000236,  0.500838,  0.000000
 -0.008507, -0.011274,  0.999900, -0.004710,  0.999926,  0.011235, -0.999953, -0.004614, -0.008560,  0.014988,  0.000241,  0.500851,  0.000000
 -0.008645, -0.011458,  0.999897, -0.004787,  0.999923,  0.011417, -0.999951, -0.004688, -0.008699,  0.015232,  0.000246,  0.500864,  0.000000
 -0.008784, -0.011644,  0.999894, -0.004865,  0.999921,  0.011601, -0.999950, -0.004763, -0.008840,  0.015479,  0.000252,  0.500876,  0.000000
 -0.008925, -0.011831,  0.999890, -0.004944,  0.999918,  0.011787, -0.999948, -0.004839, -0.008983,  0.015727,  0.000257,  0.500889,  0.000000
 -0.009067, -0.012021,  0.999887, -0.005024,  0.999916,  0.011975, -0.999946, -0.004915, -0.009127,  0.015979,  0.000263,  0.500902,  0.000000
 -0.009211, -0.012212,  0.999883, -0.005105,  0.999913,  0.012165, -0.999945, -0.004992, -0.009272,  0.016232,  0.000269,  0.500916,  0.000000
 -0.009356, -0.012405,  0.999879, -0.005186,  0.999910,  0.012357, -0.999943, -0.005070, -0.009419,  0.016489,  0.000275,  0.500929,  0.000000
 -0.009502, -0.012600,  0.999875, -0.005269,  0.999907,  0.012550, -0.999941, -0.005149, -0.009567,  0.016747,  0.000281,  0.500942,  0.000000
 -0.009649, -0.012797,  0.999872, -0.005352,  0.999904,  0.012746, -0.999939, -0.005228, -0.009717,  0.017009,  0.000287,  0.500956,  0.000000
 -0.009799, -0.012996,  0.999868, -0.005436,  0.999901,  0.012943, -0.999937, -0.005308, -0.009868,  0.017272,  0.000293,  0.500969,  0.000000
 -0.009949, -0.013196,  0.999863, -0.005521,  0.999898,  0.013142, -0.999935, -0.005389, -0.010021,  0.017539,  0.000299,  0.500983,  0.000000
 -0.010101, -0.013399,  0.999859, -0.005606,  0.999895,  0.013343, -0.999933, -0.005471, -0.010175,  0.017807,  0.000306,  0.500996,  0.000000
 -0.010254, -0.013603,  0.999855, -0.005693,  0.999892,  0.013545, -0.999931, -0.005553, -0.010330,  0.018079,  0.000312,  0.501010,  0.000000
 -0.010409, -0.013810,  0.999850, -0.005780,  0.999889,  0.013750, -0.999929, -0.005636, -0.010487,  0.018352,  0.000319,  0.501024,  0.000000
 -0.010565, -0.014018,  0.999846, -0.005868,  0.999885,  0.013957, -0.999927, -0.005720, -0.010646,  0.018629,  0.000326,  0.501038,  0.000000
 -0.010722, -0.014228,  0.999841, -0.005957,  0.999882,  0.014165, -0.999925, -0.005804, -0.010806,  0.018908,  0.000333,  0.501052,  0.000000
 -0.010881, -0.014441,  0.999837, -0.006047,  0.999878,  0.014375, -0.999923, -0.005889, -0.010967,  0.019189,  0.000340,  0.501066,  0.000000
 -0.011042, -0.014655,  0.999832, -0.006137,  0.999875,  0.014588, -0.999920, -0.005975, -0.011130,  0.019473,  0.000347,  0.501080,  0.000000
 -0.011203, -0.014871,  0.999827, -0.006229,  0.999871,  0.014802, -0.999918, -0.006062, -0.011295,  0.019760,  0.000354,  0.501094,  0.000000
 -0.011367, -0.015089,  0.999822, -0.006321,  0.999867,  0.015018, -0.999915, -0.006149, -0.011460,  0.020049,  0.000361,  0.501109,  0.000000
 -0.011531, -0.015309,  0.999816, -0.006414,  0.999863,  0.015236, -0.999913, -0.006238, -0.011628,  0.020340,  0.000369,  0.501123,  0.000000
 -0.011697, -0.015531,  0.999811, -0.006508,  0.999859,  0.015455, -0.999910, -0.006326, -0.011797,  0.020635,  0.000377,  0.501138,  0.000000
 -0.011865, -0.015755,  0.999805, -0.006603,  0.999855,  0.015677, -0.999908, -0.006416, -0.011967,  0.020932,  0.000384,  0.501152,  0.000000
 -0.012034, -0.015981,  0.999800, -0.006699,  0.999851,  0.015901, -0.999905, -0.006507, -0.012139,  0.021231,  0.000392,  0.501167,  0.000000
 -0.012204, -0.016209,  0.999794, -0.006796,  0.999847,  0.016127, -0.999902, -0.006598, -0.012313,  0.021533,  0.000400,  0.501182,  0.000000
 -0.012376, -0.016439,  0.999788, -0.006893,  0.999842,  0.016354, -0.999900, -0.006690, -0.012488,  0.021838,  0.000409,  0.501197,  0.000000
 -0.012550, -0.016670,  0.999782, -0.006992,  0.999838,  0.016584, -0.999897, -0.006782, -0.012664,  0.022145,  0.000417,  0.501211,  0.000000
 -0.012724, -0.016904,  0.999776, -0.007091,  0.999833,  0.016815, -0.999894, -0.006876, -0.012842,  0.022455,  0.000425,  0.501226,  0.000000
 -0.012901, -0.017140,  0.999770, -0.007191,  0.999829,  0.017048, -0.999891, -0.006970, -0.013022,  0.022768,  0.000434,  0.501241,  0.000000
 -0.013078, -0.017378,  0.999763, -0.007293,  0.999824,  0.017284, -0.999888, -0.007065, -0.013203,  0.023083,  0.000443,  0.501256,  0.000000
 -0.013258, -0.017618,  0.999757, -0.007395,  0.999819,  0.017521, -0.999885, -0.007160, -0.013385,  0.023401,  0.000452,  0.501272,  0.000000
 -0.013438, -0.017860,  0.999750, -0.007497,  0.999814,  0.017760, -0.999882, -0.007257, -0.013570,  0.023722,  0.000461,  0.501287,  0.000000
 -0.013620, -0.018104,  0.999743, -0.007601,  0.999809,  0.018002, -0.999878, -0.007354, -0.013755,  0.024045,  0.000470,  0.501302,  0.000000
 -0.013804, -0.018350,  0.999736, -0.007706,  0.999804,  0.018245, -0.999875, -0.007452, -0.013943,  0.024371,  0.000480,  0.501317,  0.000000
 -0.013989, -0.018598,  0.999729, -0.007812,  0.999799,  0.018490, -0.999872, -0.007551, -0.014131,  0.024699,  0.000489,  0.501333,  0.000000
 -0.014176, -0.018848,  0.999722, -0.007918,  0.999793,  0.018737, -0.999868, -0.007650, -0.014322,  0.025031,  0.000499,  0.501348,  0.000000
 -0.014364, -0.019100,  0.999714, -0.008025,  0.999788,  0.018986, -0.999865, -0.007750, -0.014514,  0.025365,  0.000509,  0.501364,  0.000000
 -0.014553, -0.019354,  0.999707, -0.008134,  0.999782,  0.019237, -0.999861, -0.007851, -0.014707,  0.025701,  0.000519,  0.501380,  0.000000
 -0.014744, -0.019611,  0.999699, -0.008243,  0.999776,  0.019490, -0.999857, -0.007953, -0.014903,  0.026041,  0.000529,  0.501395,  0.000000
 -0.014937, -0.019869,  0.999691, -0.008353,  0.999770,  0.019746, -0.999854, -0.008056, -0.015099,  0.026383,  0.000540,  0.501411,  0.000000
 -0.015131, -0.020129,  0.999683, -0.008464,  0.999764,  0.020003, -0.999850, -0.008159, -0.015298,  0.026727,  0.000550,  0.501427,  0.000000
 -0.015326, -0.020392,  0.999675, -0.008576,  0.999758,  0.020262, -0.999846, -0.008263, -0.015498,  0.027075,  0.000561,  0.501443,  0.000000
 -0.015523, -0.020656,  0.999666, -0.008689,  0.999752,  0.020523, -0.999842, -0.008368, -0.015699,  0.027425,  0.000572,  0.501458,  0.000000
 -0.015722, -0.020923,  0.999657, -0.008803,  0.999745,  0.020786, -0.999838, -0.008473, -0.015902,  0.027778,  0.000583,  0.501474,  0.000000
 -0.015922, -0.021191,  0.999649, -0.008918,  0.999739,  0.021051, -0.999833, -0.008580, -0.016107,  0.028134,  0.000594,  0.501490,  0.000000
 -0.016124, -0.021462,  0.999640, -0.009034,  0.999732,  0.021318, -0.999829, -0.008687, -0.016313,  0.028492,  0.000606,  0.501506,  0.000000
 -0.016327, -0.021735,  0.999630, -0.009150,  0.999725,  0.021588, -0.999825, -0.008794, -0.016521,  0.028853,  0.000617,  0.501522,  0.000000
 -0.016531, -0.022010,  0.999621, -0.009268,  0.999718,  0.021859, -0.999820, -0.008903, -0.016731,  0.029217,  0.000629,  0.501539,  0.000000
 -0.016737, -0.022287,  0.999612, -0.009386,  0.999711,  0.022132, -0.999816, -0.009012, -0.016942,  0.029584,  0.000641,  0.501555,  0.000000
 -0.016945, -0.022566,  0.999602, -0.009506,  0.999704,  0.022407, -0.999811, -0.009123, -0.017154,  0.029953,  0.000654,  0.501571,  0.000000
 -0.017154, -0.022847,  0.999592, -0.009626,  0.999696,  0.022684, -0.999807, -0.009233, -0.017369,  0.030325,  0.000666,  0.501587,  0.000000
 -0.017365, -0.023131,  0.999582, -0.009748,  0.999689,  0.022964, -0.999802, -0.009345, -0.017585,  0.030700,  0.000679,  0.501604,  0.000000
 -0.017577, -0.023416,  0.999571, -0.009870,  0.999681,  0.023245, -0.999797, -0.009457, -0.017802,  0.031078,  0.000692,  0.501620,  0.000000
 -0.017791, -0.023704,  0.999561, -0.009994,  0.999673,  0.023529, -0.999792, -0.009571, -0.018022,  0.031458,  0.000705,  0.501636,  0.000000
 -0.018006, -0.023994,  0.999550, -0.010118,  0.999665,  0.023814, -0.999787, -0.009685, -0.018243,  0.031842,  0.000718,  0.501653,  0.000000
 -0.018223, -0.024285,  0.999539, -0.010243,  0.999657,  0.024102, -0.999781, -0.009799, -0.018465,  0.032228,  0.000731,  0.501669,  0.000000
 -0.018441, -0.024579,  0.999528, -0.010369,  0.999649,  0.024391, -0.999776, -0.009915, -0.018689,  0.032617,  0.000745,  0.501686,  0.000000
 -0.018661, -0.024876,  0.999516, -0.010497,  0.999640,  0.024683, -0.999771, -0.010031, -0.018915,  0.033008,  0.000759,  0.501702,  0.000000
 -0.018882, -0.025174,  0.999505, -0.010625,  0.999632,  0.024976, -0.999765, -0.010148, -0.019143,  0.033403,  0.000773,  0.501719,  0.000000
 -0.019105, -0.025474,  0.999493, -0.010754,  0.999623,  0.025272, -0.999760, -0.010266, -0.019372,  0.033800,  0.000787,  0.501735,  0.000000
 -0.019329, -0.025777,  0.999481, -0.010884,  0.999614,  0.025570, -0.999754, -0.010384, -0.019602,  0.034200,  0.000802,  0.501752,  0.000000
 -0.019555, -0.026082,  0.999469, -0.011015,  0.999605,  0.025870, -0.999748, -0.010504, -0.019835,  0.034603,  0.000817,  0.501768,  0.000000
 -0.019783, -0.026389,  0.999456, -0.011148,  0.999595,  0.026172, -0.999742, -0.010624, -0.020069,  0.035009,  0.000832,  0.501785,  0.000000
 -0.020012, -0.026698,  0.999443, -0.011281,  0.999586,  0.026476, -0.999736, -0.010745, -0.020305,  0.035417,  0.000847,  0.501802,  0.000000
 -0.020243, -0.027009,  0.999430, -0.011415,  0.999576,  0.026782, -0.999730, -0.010866, -0.020542,  0.035829,  0.000862,  0.501818,  0.000000
 -0.020475, -0.027323,  0.999417, -0.011550,  0.999566,  0.027090, -0.999724, -0.010988, -0.020781,  0.036243,  0.000878,  0.501835,  0.000000
 -0.020708, -0.027638,  0.999403, -0.011686,  0.999556,  0.027400, -0.999717, -0.011112, -0.021022,  0.036660,  0.000894,  0.501852,  0.000000
 -0.020944, -0.027956,  0.999390, -0.011823,  0.999546,  0.027713, -0.999711, -0.011236, -0.021265,  0.037080,  0.000910,  0.501868,  0.000000
 -0.021181, -0.028276,  0.999376, -0.011961,  0.999536,  0.028027, -0.999704, -0.011360, -0.021509,  0.037503,  0.000927,  0.501885,  0.000000
 -0.021419, -0.028598,  0.999361, -0.012100,  0.999525,  0.028343, -0.999697, -0.011486, -0.021755,  0.037929,  0.000943,  0.501902,  0.000000
 -0.021659, -0.028922,  0.999347, -0.012241,  0.999514,  0.028662, -0.999690, -0.011612, -0.022002,  0.038357,  0.000960,  0.501919,  0.000000
 -0.021900, -0.029249,  0.999332, -0.012382,  0.999503,  0.028983, -0.999683, -0.011739, -0.022252,  0.038788,  0.000978,  0.501935,  0.000000
 -0.022143, -0.029578,  0.999317, -0.012524,  0.999492,  0.029305, -0.999676, -0.011866, -0.022503,  0.039223,  0.000995,  0.501952,  0.000000
 -0.022388, -0.029909,  0.999302, -0.012667,  0.999481,  0.029630, -0.999669, -0.011995, -0.022755,  0.039660,  0.001013,  0.501969,  0.000000
 -0.022634, -0.030242,  0.999286, -0.012811,  0.999469,  0.029957, -0.999662, -0.012124, -0.023010,  0.040100,  0.001031,  0.501986,  0.000000
 -0.022882, -0.030577,  0.999270, -0.012957,  0.999457,  0.030286, -0.999654, -0.012254, -0.023266,  0.040543,  0.001049,  0.502002,  0.000000
 -0.023131, -0.030915,  0.999254, -0.013103,  0.999445,  0.030618, -0.999647, -0.012385, -0.023523,  0.040988,  0.001068,  0.502019,  0.000000
 -0.023382, -0.031255,  0.999238, -0.013250,  0.999433,  0.030951, -0.999639, -0.012516, -0.023783,  0.041437,  0.001086,  0.502036,  0.000000
 -0.023635, -0.031597,  0.999221, -0.013398,  0.999421,  0.031286, -0.999631, -0.012649, -0.024044,  0.041889,  0.001105,  0.502052,  0.000000
 -0.023889, -0.031941,  0.999204, -0.013548,  0.999408,  0.031624, -0.999623, -0.012782, -0.024307,  0.042343,  0.001125,  0.502069,  0.000000
 -0.024144, -0.032288,  0.999187, -0.013698,  0.999395,  0.031963, -0.999615, -0.012915, -0.024572,  0.042800,  0.001144,  0.502086,  0.000000
 -0.024401, -0.032636,  0.999169, -0.013850,  0.999382,  0.032305, -0.999606, -0.013050, -0.024838,  0.043261,  0.001164,  0.502102,  0.000000
 -0.024660, -0.032987,  0.999152, -0.014002,  0.999369,  0.032649, -0.999598, -0.013185, -0.025106,  0.043724,  0.001184,  0.502119,  0.000000
 -0.024920, -0.033340,  0.999133, -0.014156,  0.999355,  0.032995, -0.999589, -0.013321, -0.025376,  0.044190,  0.001205,  0.502136,  0.000000
 -0.025182, -0.033696,  0.999115, -0.014310,  0.999342,  0.033343, -0.999580, -0.013458, -0.025648,  0.044659,  0.001226,  0.502152,  0.000000
 -0.025445, -0.034054,  0.999096, -0.014466,  0.999328,  0.033693, -0.999572, -0.013596, -0.025921,  0.045131,  0.001247,  0.502169,  0.000000
 -0.025710, -0.034414,  0.999077, -0.014623,  0.999313,  0.034045, -0.999562, -0.013734, -0.026196,  0.045605,  0.001268,  0.502185,  0.000000
 -0.025977, -0.034776,  0.999057, -0.014780,  0.999299,  0.034400, -0.999553, -0.013873, -0.026473,  0.046083,  0.001290,  0.502202,  0.000000
 -0.026245, -0.035140,  0.999038, -0.014939,  0.999284,  0.034756, -0.999544, -0.014013, -0.026751,  0.046564,  0.001312,  0.502218,  0.000000
 -0.026515, -0.035507,  0.999018, -0.015099,  0.999269,  0.035115, -0.999534, -0.014153, -0.027032,  0.047047,  0.001334,  0.502235,  0.000000
 -0.026786, -0.035876,  0.998997, -0.015260,  0.999254,  0.035476, -0.999525, -0.014295, -0.027314,  0.047534,  0.001357,  0.502251,  0.000000
 -0.027059, -0.036247,  0.998976, -0.015422,  0.999239,  0.035839, -0.999515, -0.014437, -0.027597,  0.048023,  0.001380,  0.502268,  0.000000
 -0.027333, -0.036620,  0.998955, -0.015585,  0.999223,  0.036204, -0.999505, -0.014579, -0.027883,  0.048515,  0.001403,  0.502284,  0.000000
 -0.027609, -0.036996,  0.998934, -0.015749,  0.999207,  0.036571, -0.999495, -0.014723, -0.028170,  0.049011,  0.001427,  0.502300,  0.000000
 -0.027887, -0.037374,  0.998912, -0.015915,  0.999191,  0.036940, -0.999484, -0.014867, -0.028459,  0.049509,  0.001451,  0.502316,  0.000000
 -0.028166, -0.037754,  0.998890, -0.016081,  0.999174,  0.037312, -0.999474, -0.015012, -0.028750,  0.050010,  0.001475,  0.502333,  0.000000
 -0.028447, -0.038137,  0.998868, -0.016249,  0.999158,  0.037685, -0.999463, -0.015158, -0.029043,  0.050514,  0.001500,  0.502349,  0.000000
 -0.028729, -0.038522,  0.998845, -0.016417,  0.999141,  0.038061, -0.999452, -0.015305, -0.029337,  0.051021,  0.001524,  0.502365,  0.000000
 -0.029013, -0.038909,  0.998821, -0.016587,  0.999123,  0.038439, -0.999441, -0.015452, -0.029633,  0.051531,  0.001550,  0.502381,  0.000000
 -0.029299, -0.039298,  0.998798, -0.016757,  0.999106,  0.038819, -0.999430, -0.015600, -0.029931,  0.052044,  0.001575,  0.502397,  0.000000
 -0.029586, -0.039690,  0.998774, -0.016929,  0.999088,  0.039201, -0.999419, -0.015749, -0.030231,  0.052560,  0.001601,  0.502413,  0.000000
 -0.029874, -0.040084,  0.998750, -0.017102,  0.999070,  0.039585, -0.999407, -0.015898, -0.030532,  0.053079,  0.001628,  0.502428,  0.000000
 -0.030164, -0.040480,  0.998725, -0.017276,  0.999051,  0.039972, -0.999396, -0.016048, -0.030835,  0.053601,  0.001654,  0.502444,  0.000000
 -0.030456, -0.040879,  0.998700, -0.017451,  0.999033,  0.040360, -0.999384, -0.016199, -0.031140,  0.054126,  0.001681,  0.502460,  0.000000
 -0.030750, -0.041280,  0.998674, -0.017627,  0.999014,  0.040751, -0.999372, -0.016351, -0.031447,  0.054654,  0.001709,  0.502475,  0.000000
