  0.000000,  0.000000,  1.000000,  0.000000,  1.000000,  0.000000, -1.000000,  0.000000,  0.000000,  0.000000,  0.000000,  0.500000,  0.000000
  0.000000,  0.000000,  1.000000,  0.000000,  1.000000,  0.000000, -1.000000,  0.000000,  0.000000,  0.000000,  0.000000,  0.500000,  0.000000
  0.000000,  0.000000,  1.000000,  0.000000,  1.000000,  0.000000, -1.000000,  0.000000,  0.000000,  0.000001,  0.000000,  0.500000,  0.000000
 -0.000001,  0.000000,  1.000000,  0.000000,  1.000000,  0.000000, -1.000000,  0.000000, -0.000001,  0.000002,  0.000000,  0.500000,  0.000000
 -0.000003,  0.000000,  1.000000,  0.000000,  1.000000,  0.000000, -1.000000,  0.000000, -0.000003,  0.000005,  0.000000,  0.500000,  0.000000
 -0.000007,  0.000000,  1.000000,  0.000000,  1.000000,  0.000000, -1.000000,  0.000000, -0.000007,  0.000009,  0.000000,  0.500000,  0.000000
 -0.000012,  0.000000,  1.000000,  0.000000,  1.000000,  0.000000, -1.000000,  0.000000, -0.000012,  0.000016,  0.000000,  0.500000,  0.000000
 -0.000018,  0.000000,  1.000000,  0.000000,  1.000000,  0.000000, -1.000000,  0.000000, -0.000018,  0.000026,  0.000000,  0.500000,  0.000000
 -0.000027,  0.000000,  1.000000,  0.000000,  1.000000,  0.000000, -1.000000,  0.000000, -0.000027,  0.000038,  0.000000,  0.500000,  0.000000
 -0.000039,  0.000000,  1.000000,  0.000000,  1.000000,  0.000000, -1.000000,  0.000000, -0.000039,  0.000055,  0.000000,  0.500001,  0.000000
 -0.000053,  0.000000,  1.000000,  0.000000,  1.000000,  0.000000, -1.000000,  0.000000, -0.000053,  0.000075,  0.000000,  0.500001,  0.000000
 -0.000070,  0.000000,  1.000000,  0.000000,  1.000000,  0.000000, -1.000000,  0.000000, -0.000070,  0.000099,  0.000000,  0.500001,  0.000000
 -0.000091,  0.000000,  1.000000,  0.000000,  1.000000,  0.000000, -1.000000,  0.000000, -0.000091,  0.000128,  0.000000,  0.500002,  0.000000
 -0.000116,  0.000000,  1.000000,  0.000000,  1.000000,  0.000000, -1.000000,  0.000000, -0.000116,  0.000163,  0.000000,  0.500002,  0.000000
 -0.000144,  0.000000,  1.000000,  0.000000,  1.000000,  0.000000, -1.000000,  0.000000, -0.000144,  0.000202,  0.000000,  0.500002,  0.000000
 -0.000176,  0.000000,  1.000000,  0.000000,  1.000000,  0.000000, -1.000000,  0.000000, -0.000176,  0.000248,  0.000000,  0.500003,  0.000000
 -0.000213,  0.000000,  1.000000,  0.000000,  1.000000,  0.000000, -1.000000,  0.000000, -0.000213,  0.000300,  0.000000,  0.500004,  0.000000
 -0.000255,  0.000000,  1.000000,  0.000000,  1.000000,  0.000000, -1.000000,  0.000000, -0.000255,  0.000359,  0.000000,  0.500004,  0.000000
 -0.000302,  0.000000,  1.000000,  0.000000,  1.000000,  0.000000, -1.000000,  0.000000, -0.000302,  0.000425,  0.000000,  0.500005,  0.000000
 -0.000354,  0.000000,  1.000000,  0.000000,  1.000000,  0.000000, -1.000000,  0.000000, -0.000354,  0.000499,  0.000000,  0.500006,  0.000000
 -0.000412,  0.000000,  1.000000,  0.000000,  1.000000,  0.000000, -1.000000,  0.000000, -0.000412,  0.000580,  0.000000,  0.500007,  0.000000
 -0.000476,  0.000000,  1.000000,  0.000000,  1.000000,  0.000000, -1.000000,  0.000000, -0.000476,  0.000669,  0.000000,  0.500008,  0.000000
 -0.000545,  0.000000,  1.000000,  0.000000,  1.000000,  0.000000, -1.000000,  0.000000, -0.000545,  0.000767,  0.000000,  0.500009,  0.000000
 -0.000621,  0.000000,  1.000000,  0.000000,  1.000000,  0.000000, -1.000000,  0.000000, -0.000621,  0.000874,  0.000000,  0.500010,  0.000000
 -0.000704,  0.000000,  1.000000,  0.000000,  1.000000,  0.000000, -1.000000,  0.000000, -0.000704,  0.000990,  0.000000,  0.500012,  0.000000
 -0.000793,  0.000000,  1.000000,  0.000000,  1.000000,  0.000000, -1.000000,  0.000000, -0.000793,  0.001116,  0.000000,  0.500013,  0.000000
 -0.000889,  0.000000,  1.000000,  0.000000,  1.000000,  0.000000, -1.000000,  0.000000, -0.000889,  0.001252,  0.000000,  0.500015,  0.000000
 -0.000993,  0.000000,  1.000000,  0.000000,  1.000000,  0.000000, -1.000000,  0.000000, -0.000993,  0.001397,  0.000000,  0.500016,  0.000000
 -0.001104,  0.000000,  0.999999,  0.000000,  1.000000,  0.000000, -0.999999,  0.000000, -0.001104,  0.001554,  0.000000,  0.500018,  0.000000
 -0.001223,  0.000000,  0.999999,  0.000000,  1.000000,  0.000000, -0.999999,  0.000000, -0.001223,  0.001721,  0.000000,  0.500020,  0.000000
 -0.001350,  0.000000,  0.999999,  0.000000,  1.000000,  0.000000, -0.999999,  0.000000, -0.001350,  0.001900,  0.000000,  0.500022,  0.000000
 -0.001485,  0.000000,  0.999999,  0.000000,  1.000000,  0.000000, -0.999999,  0.000000, -0.001485,  0.002090,  0.000000,  0.500024,  0.000000
 -0.001629,  0.000000,  0.999999,  0.000000,  1.000000,  0.000000, -0.999999,  0.000000, -0.001629,  0.002292,  0.000000,  0.500026,  0.000000
 -0.001781,  0.000000,  0.999998,  0.000000,  1.000000,  0.000000, -0.999998,  0.000000, -0.001781,  0.002506,  0.000000,  0.500028,  0.000000
 -0.001942,  0.000000,  0.999998,  0.000000,  1.000000,  0.000000, -0.999998,  0.000000, -0.001942,  0.002733,  0.000000,  0.500031,  0.000000
 -0.002112,  0.000000,  0.999998,  0.000000,  1.000000,  0.000000, -0.999998,  0.000000, -0.002112,  0.002972,  0.000000,  0.500033,  0.000000
 -0.002292,  0.000000,  0.999997,  0.000000,  1.000000,  0.000000, -0.999997,  0.000000, -0.002292,  0.003225,  0.000000,  0.500036,  0.000000
 -0.002480,  0.000000,  0.999997,  0.000000,  1.000000,  0.000000, -0.999997,  0.000000, -0.002480,  0.003490,  0.000000,  0.500038,  0.000000
 -0.002679,  0.000000,  0.999996,  0.000000,  1.000000,  0.000000, -0.999996,  0.000000, -0.002679,  0.003770,  0.000000,  0.500041,  0.000000
 -0.002887,  0.000000,  0.999996,  0.000000,  1.000000,  0.000000, -0.999996,  0.000000, -0.002887,  0.004063,  0.000000,  0.500044,  0.000000
 -0.003106,  0.000000,  0.999995,  0.000000,  1.000000,  0.000000, -0.999995,  0.000000, -0.003106,  0.004370,  0.000000,  0.500047,  0.000000
 -0.003335,  0.000000,  0.999994,  0.000000,  1.000000,  0.000000, -0.999994,  0.000000, -0.003335,  0.004692,  0.000000,  0.500049,  0.000000
 -0.003574,  0.000000,  0.999994,  0.000000,  1.000000,  0.000000, -0.999994,  0.000000, -0.003574,  0.005029,  0.000000,  0.500052,  0.000000
 -0.003823,  0.000000,  0.999993,  0.000000,  1.000000,  0.000000, -0.999993,  0.000000, -0.003823,  0.005380,  0.000000,  0.500055,  0.000000
 -0.004084,  0.000000,  0.999992,  0.000000,  1.000000,  0.000000, -0.999992,  0.000000, -0.004084,  0.005747,  0.000000,  0.500058,  0.000000
 -0.004356,  0.000000,  0.999991,  0.000000,  1.000000,  0.000000, -0.999991,  0.000000, -0.004356,  0.006129,  0.000000,  0.500061,  0.000000
 -0.004638,  0.000000,  0.999989,  0.000000,  1.000000,  0.000000, -0.999989,  0.000000, -0.004638,  0.006527,  0.000000,  0.500064,  0.000000
 -0.004932,  0.000000,  0.999988,  0.000000,  1.000000,  0.000000, -0.999988,  0.000000, -0.004932,  0.006940,  0.000000,  0.500068,  0.000000
 -0.005238,  0.000000,  0.999986,  0.000000,  1.000000,  0.000000, -0.999986,  0.000000, -0.005238,  0.007370,  0.000000,  0.500071,  0.000000
 -0.005555,  0.000000,  0.999985,  0.000000,  1.000000,  0.000000, -0.999985,  0.000000, -0.005555,  0.007817,  0.000000,  0.500074,  0.000000
 -0.005884,  0.000000,  0.999983,  0.000000,  1.000000,  0.000000, -0.999983,  0.000000, -0.005884,  0.008280,  0.000000,  0.500077,  0.000000
 -0.006225,  0.000000,  0.999981,  0.000000,  1.000000,  0.000000, -0.999981,  0.000000, -0.006225,  0.008760,  0.000000,  0.500080,  0.000000
 -0.006578,  0.000000,  0.999978,  0.000000,  1.000000,  0.000000, -0.999978,  0.000000, -0.006578,  0.009257,  0.000000,  0.500082,  0.000000
 -0.006944,  0.000000,  0.999976,  0.000000,  1.000000,  0.000000, -0.999976,  0.000000, -0.006944,  0.009771,  0.000000,  0.500085,  0.000000
 -0.007322,  0.000000,  0.999973,  0.000000,  1.000000,  0.000000, -0.999973,  0.000000, -0.007322,  0.010303,  0.000000,  0.500088,  0.000000
 -0.007712,  0.000000,  0.999970,  0.000000,  1.000000,  0.000000, -0.999970,  0.000000, -0.007712,  0.010852,  0.000000,  0.500090,  0.000000
 -0.008115,  0.000000,  0.999967,  0.000000,  1.000000,  0.000000, -0.999967,  0.000000, -0.008115,  0.011420,  0.000000,  0.500093,  0.000000
 -0.008531,  0.000000,  0.999964,  0.000000,  1.000000,  0.000000, -0.999964,  0.000000, -0.008531,  0.012005,  0.000000,  0.500095,  0.000000
 -0.008961,  0.000000,  0.999960,  0.000000,  1.000000,  0.000000, -0.999960,  0.000000, -0.008961,  0.012609,  0.000000,  0.500097,  0.000000
 -0.009403,  0.000000,  0.999956,  0.000000,  1.000000,  0.000000, -0.999956,  0.000000, -0.009403,  0.013232,  0.000000,  0.500099,  0.000000
 -0.009858,  0.000000,  0.999951,  0.000000,  1.000000,  0.000000, -0.999951,  0.000000, -0.009858,  0.013873,  0.000000,  0.500101,  0.000000
 -0.010327,  0.000000,  0.999947,  0.000000,  1.000000,  0.000000, -0.999947,  0.000000, -0.010327,  0.014533,  0.000000,  0.500102,  0.000000
 -0.010810,  0.000000,  0.999942,  0.000000,  1.000000,  0.000000, -0.999942,  0.000000, -0.010810,  0.015212,  0.000000,  0.500103,  0.000000
 -0.011306,  0.000000,  0.999936,  0.000000,  1.000000,  0.000000, -0.999936,  0.000000, -0.011306,  0.015910,  0.000000,  0.500104,  0.000000
 -0.011816,  0.000000,  0.999930,  0.000000,  1.000000,  0.000000, -0.999930,  0.000000, -0.011816,  0.016628,  0.000000,  0.500104,  0.000000
 -0.012340,  0.000000,  0.999924,  0.000000,  1.000000,  0.000000, -0.999924,  0.000000, -0.012340,  0.017365,  0.000000,  0.500105,  0.000000
 -0.012878,  0.000000,  0.999917,  0.000000,  1.000000,  0.000000, -0.999917,  0.000000, -0.012878,  0.018122,  0.000000,  0.500104,  0.000000
 -0.013430,  0.000000,  0.999910,  0.000000,  1.000000,  0.000000, -0.999910,  0.000000, -0.013430,  0.018899,  0.000000,  0.500104,  0.000000
 -0.013996,  0.000000,  0.999902,  0.000000,  1.000000,  0.000000, -0.999902,  0.000000, -0.013996,  0.019696,  0.000000,  0.500102,  0.000000
 -0.014577,  0.000000,  0.999894,  0.000000,  1.000000,  0.000000, -0.999894,  0.000000, -0.014577,  0.020513,  0.000000,  0.500101,  0.000000
 -0.015172,  0.000000,  0.999885,  0.000000,  1.000000,  0.000000, -0.999885,  0.000000, -0.015172,  0.021350,  0.000000,  0.500098,  0.000000
 -0.015781,  0.000000,  0.999875,  0.000000,  1.000000,  0.000000, -0.999875,  0.000000, -0.015781,  0.022208,  0.000000,  0.500096,  0.000000
 -0.016405,  0.000000,  0.999865,  0.000000,  1.000000,  0.000000, -0.999865,  0.000000, -0.016405,  0.023087,  0.000000,  0.500092,  0.000000
 -0.017044,  0.000000,  0.999855,  0.000000,  1.000000,  0.000000, -0.999855,  0.000000, -0.017044,  0.023986,  0.000000,  0.500088,  0.000000
 -0.017698,  0.000000,  0.999843,  0.000000,  1.000000,  0.000000, -0.999843,  0.000000, -0.017698,  0.024906,  0.000000,  0.500083,  0.000000
 -0.018367,  0.000000,  0.999831,  0.000000,  1.000000,  0.000000, -0.999831,  0.000000, -0.018367,  0.025847,  0.000000,  0.500078,  0.000000
 -0.019051,  0.000000,  0.999819,  0.000000,  1.000000,  0.000000, -0.999819,  0.000000, -0.019051,  0.026810,  0.000000,  0.500071,  0.000000
 -0.019750,  0.000000,  0.999805,  0.000000,  1.000000,  0.000000, -0.999805,  0.000000, -0.019750,  0.027793,  0.000000,  0.500064,  0.000000
 -0.020464,  0.000000,  0.999791,  0.000000,  1.000000,  0.000000, -0.999791,  0.000000, -0.020464,  0.028798,  0.000000,  0.500056,  0.000000
 -0.021193,  0.000000,  0.999775,  0.000000,  1.000000,  0.000000, -0.999775,  0.000000, -0.021193,  0.029825,  0.000000,  0.500048,  0.000000
 -0.021938,  0.000000,  0.999759,  0.000000,  1.000000,  0.000000, -0.999759,  0.000000, -0.021938,  0.030873,  0.000000,  0.500038,  0.000000
 -0.022698,  0.000000,  0.999742,  0.000000,  1.000000,  0.000000, -0.999742,  0.000000, -0.022698,  0.031942,  0.000000,  0.500027,  0.000000
 -0.023473,  0.000000,  0.999724,  0.000000,  1.000000,  0.000000, -0.999724,  0.000000, -0.023473,  0.033034,  0.000000,  0.500015,  0.000000
 -0.024264,  0.000000,  0.999706,  0.000000,  1.000000,  0.000000, -0.999706,  0.000000, -0.024264,  0.034147,  0.000000,  0.500002,  0.000000
 -0.025071,  0.000000,  0.999686,  0.000000,  1.000000,  0.000000, -0.999686,  0.000000, -0.025071,  0.035283,  0.000000,  0.499988,  0.000000
 -0.025893,  0.000000,  0.999665,  0.000000,  1.000000,  0.000000, -0.999665,  0.000000, -0.025893,  0.036440,  0.000000,  0.499972,  0.000000
 -0.026731,  0.000000,  0.999643,  0.000000,  1.000000,  0.000000, -0.999643,  0.000000, -0.026731,  0.037620,  0.000000,  0.499956,  0.000000
 -0.027585,  0.000000,  0.999619,  0.000000,  1.000000,  0.000000, -0.999619,  0.000000, -0.027585,  0.038822,  0.000000,  0.499938,  0.000000
 -0.028455,  0.000000,  0.999595,  0.000000,  1.000000,  0.000000, -0.999595,  0.000000, -0.028455,  0.040046,  0.000000,  0.499918,  0.000000
 -0.029340,  0.000000,  0.999569,  0.000000,  1.000000,  0.000000, -0.999569,  0.000000, -0.029340,  0.041292,  0.000000,  0.499898,  0.000000
 -0.030242,  0.000000,  0.999543,  0.000000,  1.000000,  0.000000, -0.999543,  0.000000, -0.030242,  0.042561,  0.000000,  0.499875,  0.000000
 -0.031159,  0.000000,  0.999514,  0.000000,  1.000000,  0.000000, -0.999514,  0.000000, -0.031159,  0.043853,  0.000000,  0.499851,  0.000000
 -0.032093,  0.000000,  0.999485,  0.000000,  1.000000,  0.000000, -0.999485,  0.000000, -0.032093,  0.045167,  0.000000,  0.499826,  0.000000
 -0.033043,  0.000000,  0.999454,  0.000000,  1.000000,  0.000000, -0.999454,  0.000000, -0.033043,  0.046504,  0.000000,  0.499799,  0.000000
 -0.034008,  0.000000,  0.999422,  0.000000,  1.000000,  0.000000, -0.999422,  0.000000, -0.034008,  0.047863,  0.000000,  0.499770,  0.000000
 -0.034990,  0.000000,  0.999388,  0.000000,  1.000000,  0.000000, -0.999388,  0.000000, -0.034990,  0.049246,  0.000000,  0.499739,  0.000000
 -0.035989,  0.000000,  0.999352,  0.000000,  1.000000,  0.000000, -0.999352,  0.000000, -0.035989,  0.050651,  0.000000,  0.499706,  0.000000
 -0.037003,  0.000000,  0.999315,  0.000000,  1.000000,  0.000000, -0.999315,  0.000000, -0.037003,  0.052079,  0.000000,  0.499671,  0.000000
 -0.038034,  0.000000,  0.999276,  0.000000,  1.000000,  0.000000, -0.999276,  0.000000, -0.038034,  0.053530,  0.000000,  0.499634,  0.000000
 -0.039080,  0.000000,  0.999236,  0.000000,  1.000000,  0.000000, -0.999236,  0.000000, -0.039080,  0.055003,  0.000000,  0.499596,  0.000000
 -0.040144,  0.000000,  0.999194,  0.000000,  1.000000,  0.000000, -0.999194,  0.000000, -0.040144,  0.056500,  0.000000,  0.499555,  0.000000
 -0.041223,  0.000000,  0.999150,  0.000000,  1.000000,  0.000000, -0.999150,  0.000000, -0.041223,  0.058020,  0.000000,  0.499511,  0.000000
 -0.042319,  0.000000,  0.999104,  0.000000,  1.000000,  0.000000, -0.999104,  0.000000, -0.042319,  0.059563,  0.000000,  0.499466,  0.000000
 -0.043431,  0.000000,  0.999056,  0.000000,  1.000000,  0.000000, -0.999056,  0.000000, -0.043431,  0.061129,  0.000000,  0.499417,  0.000000
 -0.044560,  0.000000,  0.999007,  0.000000,  1.000000,  0.000000, -0.999007,  0.000000, -0.044560,  0.062718,  0.000000,  0.499367,  0.000000
 -0.045705,  0.000000,  0.998955,  0.000000,  1.000000,  0.000000, -0.998955,  0.000000, -0.045705,  0.064330,  0.000000,  0.499314,  0.000000
 -0.046866,  0.000000,  0.998901,  0.000000,  1.000000,  0.000000, -0.998901,  0.000000, -0.046866,  0.065965,  0.000000,  0.499258,  0.000000
 -0.048044,  0.000000,  0.998845,  0.000000,  1.000000,  0.000000, -0.998845,  0.000000, -0.048044,  0.067623,  0.000000,  0.499199,  0.000000
 -0.049238,  0.000000,  0.998787,  0.000000,  1.000000,  0.000000, -0.998787,  0.000000, -0.049238,  0.069304,  0.000000,  0.499138,  0.000000
 -0.050449,  0.000000,  0.998727,  0.000000,  1.000000,  0.000000, -0.998727,  0.000000, -0.050449,  0.071009,  0.000000,  0.499074,  0.000000
 -0.051676,  0.000000,  0.998664,  0.000000,  1.000000,  0.000000, -0.998664,  0.000000, -0.051676,  0.072737,  0.000000,  0.499007,  0.000000
 -0.052920,  0.000000,  0.998599,  0.000000,  1.000000,  0.000000, -0.998599,  0.000000, -0.052920,  0.074487,  0.000000,  0.498936,  0.000000
 -0.054179,  0.000000,  0.998531,  0.000000,  1.000000,  0.000000, -0.998531,  0.000000, -0.054179,  0.076261,  0.000000,  0.498863,  0.000000
 -0.055456,  0.000000,  0.998461,  0.000000,  1.000000,  0.000000, -0.998461,  0.000000, -0.055456,  0.078058,  0.000000,  0.498786,  0.000000
 -0.056748,  0.000000,  0.998389,  0.000000,  1.000000,  0.000000, -0.998389,  0.000000, -0.056748,  0.079879,  0.000000,  0.498706,  0.000000
 -0.058057,  0.000000,  0.998313,  0.000000,  1.000000,  0.000000, -0.998313,  0.000000, -0.058057,  0.081722,  0.000000,  0.498623,  0.000000
 -0.059383,  0.000000,  0.998235,  0.000000,  1.000000,  0.000000, -0.998235,  0.000000, -0.059383,  0.083588,  0.000000,  0.498536,  0.000000
 -0.060725,  0.000000,  0.998155,  0.000000,  1.000000,  0.000000, -0.998155,  0.000000, -0.060725,  0.085478,  0.000000,  0.498445,  0.000000
 -0.062083,  0.000000,  0.998071,  0.000000,  1.000000,  0.000000, -0.998071,  0.000000, -0.062083,  0.087390,  0.000000,  0.498351,  0.000000
 -0.063457,  0.000000,  0.997985,  0.000000,  1.000000,  0.000000, -0.997985,  0.000000, -0.063457,  0.089325,  0.000000,  0.498253,  0.000000
 -0.064848,  0.000000,  0.997895,  0.000000,  1.000000,  0.000000, -0.997895,  0.000000, -0.064848,  0.091284,  0.000000,  0.498151,  0.000000
 -0.066255,  0.000000,  0.997803,  0.000000,  1.000000,  0.000000, -0.997803,  0.000000, -0.066255,  0.093265,  0.000000,  0.498045,  0.000000
 -0.067678,  0.000000,  0.997707,  0.000000,  1.000000,  0.000000, -0.997707,  0.000000, -0.067678,  0.095269,  0.000000,  0.497935,  0.000000
 -0.069117,  0.000000,  0.997609,  0.000000,  1.000000,  0.000000, -0.997609,  0.000000, -0.069117,  0.097296,  0.000000,  0.497821,  0.000000
 -0.070573,  0.000000,  0.997507,  0.000000,  1.000000,  0.000000, -0.997507,  0.000000, -0.070573,  0.099346,  0.000000,  0.497702,  0.000000
 -0.072045,  0.000000,  0.997401,  0.000000,  1.000000,  0.000000, -0.997401,  0.000000, -0.072045,  0.101419,  0.000000,  0.497580,  0.000000
 -0.073532,  0.000000,  0.997293,  0.000000,  1.000000,  0.000000, -0.997293,  0.000000, -0.073532,  0.103514,  0.000000,  0.497452,  0.000000
 -0.075036,  0.000000,  0.997181,  0.000000,  1.000000,  0.000000, -0.997181,  0.000000, -0.075036,  0.105632,  0.000000,  0.497321,  0.000000
 -0.076556,  0.000000,  0.997065,  0.000000,  1.000000,  0.000000, -0.997065,  0.000000, -0.076556,  0.107773,  0.000000,  0.497184,  0.000000
 -0.078092,  0.000000,  0.996946,  0.000000,  1.000000,  0.000000, -0.996946,  0.000000, -0.078092,  0.109936,  0.000000,  0.497043,  0.000000
 -0.079644,  0.000000,  0.996823,  0.000000,  1.000000,  0.000000, -0.996823,  0.000000, -0.079644,  0.112122,  0.000000,  0.496897,  0.000000
 -0.081211,  0.000000,  0.996697,  0.000000,  1.000000,  0.000000, -0.996697,  0.000000, -0.081211,  0.114330,  0.000000,  0.496746,  0.000000
 -0.082795,  0.000000,  0.996567,  0.000000,  1.000000,  0.000000, -0.996567,  0.000000, -0.082795,  0.116560,  0.000000,  0.496589,  0.000000
 -0.084394,  0.000000,  0.996432,  0.000000,  1.000000,  0.000000, -0.996432,  0.000000, -0.084394,  0.118813,  0.000000,  0.496428,  0.000000
 -0.086009,  0.000000,  0.996294,  0.000000,  1.000000,  0.000000, -0.996294,  0.000000, -0.086009,  0.121088,  0.000000,  0.496261,  0.000000
 -0.087640,  0.000000,  0.996152,  0.000000,  1.000000,  0.000000, -0.996152,  0.000000, -0.087640,  0.123385,  0.000000,  0.496089,  0.000000
 -0.089286,  0.000000,  0.996006,  0.000000,  1.000000,  0.000000, -0.996006,  0.000000, -0.089286,  0.125704,  0.000000,  0.495912,  0.000000
 -0.090948,  0.000000,  0.995856,  0.000000,  1.000000,  0.000000, -0.995856,  0.000000, -0.090948,  0.128045,  0.000000,  0.495729,  0.000000
 -0.092625,  0.000000,  0.995701,  0.000000,  1.000000,  0.000000, -0.995701,  0.000000, -0.092625,  0.130408,  0.000000,  0.495540,  0.000000
 -0.094318,  0.000000,  0.995542,  0.000000,  1.000000,  0.000000, -0.995542,  0.000000, -0.094318,  0.132792,  0.000000,  0.495346,  0.000000
 -0.096026,  0.000000,  0.995379,  0.000000,  1.000000,  0.000000, -0.995379,  0.000000, -0.096026,  0.135199,  0.000000,  0.495145,  0.000000
 -0.097750,  0.000000,  0.995211,  0.000000,  1.000000,  0.000000, -0.995211,  0.000000, -0.097750,  0.137626,  0.000000,  0.494939,  0.000000
 -0.099488,  0.000000,  0.995039,  0.000000,  1.000000,  0.000000, -0.995039,  0.000000, -0.099488,  0.140076,  0.000000,  0.494726,  0.000000
 -0.101242,  0.000000,  0.994862,  0.000000,  1.000000,  0.000000, -0.994862,  0.000000, -0.101242,  0.142547,  0.000000,  0.494507,  0.000000
 -0.103011,  0.000000,  0.994680,  0.000000,  1.000000,  0.000000, -0.994680,  0.000000, -0.103011,  0.145039,  0.000000,  0.494282,  0.000000
 -0.104795,  0.000000,  0.994494,  0.000000,  1.000000,  0.000000, -0.994494,  0.000000, -0.104795,  0.147552,  0.000000,  0.494050,  0.000000
 -0.106594,  0.000000,  0.994303,  0.000000,  1.000000,  0.000000, -0.994303,  0.000000, -0.106594,  0.150086,  0.000000,  0.493812,  0.000000
 -0.108407,  0.000000,  0.994107,  0.000000,  1.000000,  0.000000, -0.994107,  0.000000, -0.108407,  0.152642,  0.000000,  0.493567,  0.000000
 -0.110236,  0.000000,  0.993905,  0.000000,  1.000000,  0.000000, -0.993905,  0.000000, -0.110236,  0.155218,  0.000000,  0.493316,  0.000000
 -0.112079,  0.000000,  0.993699,  0.000000,  1.000000,  0.000000, -0.993699,  0.000000, -0.112079,  0.157815,  0.000000,  0.493057,  0.000000
 -0.113936,  0.000000,  0.993488,  0.000000,  1.000000,  0.000000, -0.993488,  0.000000, -0.113936,  0.160432,  0.000000,  0.492792,  0.000000
 -0.115808,  0.000000,  0.993272,  0.000000,  1.000000,  0.000000, -0.993272,  0.000000, -0.115808,  0.163070,  0.000000,  0.492519,  0.000000
 -0.117695,  0.000000,  0.993050,  0.000000,  1.000000,  0.000000, -0.993050,  0.000000, -0.117695,  0.165728,  0.000000,  0.492240,  0.000000
 -0.119595,  0.000000,  0.992823,  0.000000,  1.000000,  0.000000, -0.992823,  0.000000, -0.119595,  0.168407,  0.000000,  0.491953,  0.000000
 -0.121510,  0.000000,  0.992590,  0.000000,  1.000000,  0.000000, -0.992590,  0.000000, -0.121510,  0.171105,  0.000000,  0.491658,  0.000000
 -0.123440,  0.000000,  0.992352,  0.000000,  1.000000,  0.000000, -0.992352,  0.000000, -0.123440,  0.173824,  0.000000,  0.491356,  0.000000
 -0.125383,  0.000000,  0.992108,  0.000000,  1.000000,  0.000000, -0.992108,  0.000000, -0.125383,  0.176562,  0.000000,  0.491047,  0.000000
 -0.127340,  0.000000,  0.991859,  0.000000,  1.000000,  0.000000, -0.991859,  0.000000, -0.127340,  0.179320,  0.000000,  0.490730,  0.000000
 -0.129311,  0.000000,  0.991604,  0.000000,  1.000000,  0.000000, -0.991604,  0.000000, -0.129311,  0.182098,  0.000000,  0.490405,  0.000000
 -0.131295,  0.000000,  0.991343,  0.000000,  1.000000,  0.000000, -0.991343,  0.000000, -0.131295,  0.184895,  0.000000,  0.490072,  0.000000
 -0.133293,  0.000000,  0.991077,  0.000000,  1.000000,  0.000000, -0.991077,  0.000000, -0.133293,  0.187711,  0.000000,  0.489731,  0.000000
 -0.135305,  0.000000,  0.990804,  0.000000,  1.000000,  0.000000, -0.990804,  0.000000, -0.135305,  0.190546,  0.000000,  0.489382,  0.000000
 -0.137330,  0.000000,  0.990525,  0.000000,  1.000000,  0.000000, -0.990525,  0.000000, -0.137330,  0.193401,  0.000000,  0.489024,  0.000000
 -0.139369,  0.000000,  0.990241,  0.000000,  1.000000,  0.000000, -0.990241,  0.000000, -0.139369,  0.196274,  0.000000,  0.488659,  0.000000
 -0.141420,  0.000000,  0.989950,  0.000000,  1.000000,  0.000000, -0.989950,  0.000000, -0.141420,  0.199166,  0.000000,  0.488285,  0.000000
 -0.143485,  0.000000,  0.989653,  0.000000,  1.000000,  0.000000, -0.989653,  0.000000, -0.143485,  0.202076,  0.000000,  0.487902,  0.000000
 -0.145562,  0.000000,  0.989349,  0.000000,  1.000000,  0.000000, -0.989349,  0.000000, -0.145562,  0.205004,  0.000000,  0.487511,  0.000000
 -0.147652,  0.000000,  0.989039,  0.000000,  1.000000,  0.000000, -0.989039,  0.000000, -0.147652,  0.207951,  0.000000,  0.487110,  0.000000
 -0.149755,  0.000000,  0.988723,  0.000000,  1.000000,  0.000000, -0.988723,  0.000000, -0.149755,  0.210915,  0.000000,  0.486702,  0.000000
 -0.151871,  0.000000,  0.988400,  0.000000,  1.000000,  0.000000, -0.988400,  0.000000, -0.151871,  0.213898,  0.000000,  0.486284,  0.000000
 -0.153999,  0.000000,  0.988071,  0.000000,  1.000000,  0.000000, -0.988071,  0.000000, -0.153999,  0.216898,  0.000000,  0.485857,  0.000000
 -0.156140,  0.000000,  0.987735,  0.000000,  1.000000,  0.000000, -0.987735,  0.000000, -0.156140,  0.219916,  0.000000,  0.485421,  0.000000
 -0.158292,  0.000000,  0.987392,  0.000000,  1.000000,  0.000000, -0.987392,  0.000000, -0.158292,  0.222950,  0.000000,  0.484976,  0.000000
 -0.160457,  0.000000,  0.987043,  0.000000,  1.000000,  0.000000, -0.987043,  0.000000, -0.160457,  0.226002,  0.000000,  0.484521,  0.000000
 -0.162634,  0.000000,  0.986687,  0.000000,  1.000000,  0.000000, -0.986687,  0.000000, -0.162634,  0.229071,  0.000000,  0.484057,  0.000000
 -0.164822,  0.000000,  0.986323,  0.000000,  1.000000,  0.000000, -0.986323,  0.000000, -0.164822,  0.232157,  0.000000,  0.483583,  0.000000
 -0.167022,  0.000000,  0.985953,  0.000000,  1.000000,  0.000000, -0.985953,  0.000000, -0.167022,  0.235259,  0.000000,  0.483100,  0.000000
 -0.169234,  0.000000,  0.985576,  0.000000,  1.000000,  0.000000, -0.985576,  0.000000, -0.169234,  0.238378,  0.000000,  0.482607,  0.000000
 -0.171457,  0.000000,  0.985192,  0.000000,  1.000000,  0.000000, -0.985192,  0.000000, -0.171457,  0.241512,  0.000000,  0.482105,  0.000000
 -0.173691,  0.000000,  0.984800,  0.000000,  1.000000,  0.000000, -0.984800,  0.000000, -0.173691,  0.244663,  0.000000,  0.481592,  0.000000
 -0.175937,  0.000000,  0.984401,  0.000000,  1.000000,  0.000000, -0.984401,  0.000000, -0.175937,  0.247830,  0.000000,  0.481070,  0.000000
 -0.178193,  0.000000,  0.983995,  0.000000,  1.000000,  0.000000, -0.983995,  0.000000, -0.178193,  0.251012,  0.000000,  0.480537,  0.000000
 -0.180461,  0.000000,  0.983582,  0.000000,  1.000000,  0.000000, -0.983582,  0.000000, -0.180461,  0.254209,  0.000000,  0.479995,  0.000000
 -0.182739,  0.000000,  0.983161,  0.000000,  1.000000,  0.000000, -0.983161,  0.000000, -0.182739,  0.257422,  0.000000,  0.479442,  0.000000
 -0.185028,  0.000000,  0.982733,  0.000000,  1.000000,  0.000000, -0.982733,  0.000000, -0.185028,  0.260650,  0.000000,  0.478878,  0.000000
 -0.187327,  0.000000,  0.982298,  0.000000,  1.000000,  0.000000, -0.982298,  0.000000, -0.187327,  0.263893,  0.000000,  0.478305,  0.000000
 -0.189636,  0.000000,  0.981854,  0.000000,  1.000000,  0.000000, -0.981854,  0.000000, -0.189636,  0.267150,  0.000000,  0.477721,  0.000000
 -0.191956,  0.000000,  0.981404,  0.000000,  1.000000,  0.000000, -0.981404,  0.000000, -0.191956,  0.270421,  0.000000,  0.477126,  0.000000
 -0.194285,  0.000000,  0.980945,  0.000000,  1.000000,  0.000000, -0.980945,  0.000000, -0.194285,  0.273707,  0.000000,  0.476521,  0.000000
 -0.196625,  0.000000,  0.980479,  0.000000,  1.000000,  0.000000, -0.980479,  0.000000, -0.196625,  0.277007,  0.000000,  0.475905,  0.000000
 -0.198974,  0.000000,  0.980005,  0.000000,  1.000000,  0.000000, -0.980005,  0.000000, -0.198974,  0.280321,  0.000000,  0.475278,  0.000000
 -0.201332,  0.000000,  0.979523,  0.000000,  1.000000,  0.000000, -0.979523,  0.000000, -0.201332,  0.283648,  0.000000,  0.474641,  0.000000
 -0.203700,  0.000000,  0.979033,  0.000000,  1.000000,  0.000000, -0.979033,  0.000000, -0.203700,  0.286988,  0.000000,  0.473993,  0.000000
 -0.206078,  0.000000,  0.978536,  0.000000,  1.000000,  0.000000, -0.978536,  0.000000, -0.206078,  0.290342,  0.000000,  0.473333,  0.000000
 -0.208464,  0.000000,  0.978030,  0.000000,  1.000000,  0.000000, -0.978030,  0.000000, -0.208464,  0.293708,  0.000000,  0.472663,  0.000000
 -0.210859,  0.000000,  0.977516,  0.000000,  1.000000,  0.000000, -0.977516,  0.000000, -0.210859,  0.297087,  0.000000,  0.471981,  0.000000
 -0.213263,  0.000000,  0.976995,  0.000000,  1.000000,  0.000000, -0.976995,  0.000000, -0.213263,  0.300479,  0.000000,  0.471288,  0.000000
 -0.215676,  0.000000,  0.976465,  0.000000,  1.000000,  0.000000, -0.976465,  0.000000, -0.215676,  0.303883,  0.000000,  0.470584,  0.000000
 -0.218097,  0.000000,  0.975927,  0.000000,  1.000000,  0.000000, -0.975927,  0.000000, -0.218097,  0.307298,  0.000000,  0.469869,  0.000000
 -0.220526,  0.000000,  0.975381,  0.000000,  1.000000,  0.000000, -0.975381,  0.000000, -0.220526,  0.310726,  0.000000,  0.469142,  0.000000
 -0.222963,  0.000000,  0.974827,  0.000000,  1.000000,  0.000000, -0.974827,  0.000000, -0.222963,  0.314165,  0.000000,  0.468404,  0.000000
 -0.225409,  0.000000,  0.974264,  0.000000,  1.000000,  0.000000, -0.974264,  0.000000, -0.225409,  0.317616,  0.000000,  0.467655,  0.000000
 -0.227862,  0.000000,  0.973694,  0.000000,  1.000000,  0.000000, -0.973694,  0.000000, -0.227862,  0.321077,  0.000000,  0.466893,  0.000000
 -0.230322,  0.000000,  0.973114,  0.000000,  1.000000,  0.000000, -0.973114,  0.000000, -0.230322,  0.324549,  0.000000,  0.466121,  0.000000
 -0.232791,  0.000000,  0.972527,  0.000000,  1.000000,  0.000000, -0.972527,  0.000000, -0.232791,  0.328033,  0.000000,  0.465336,  0.000000
 -0.235266,  0.000000,  0.971931,  0.000000,  1.000000,  0.000000, -0.971931,  0.000000, -0.235266,  0.331526,  0.000000,  0.464540,  0.000000
 -0.237749,  0.000000,  0.971327,  0.000000,  1.000000,  0.000000, -0.971327,  0.000000, -0.237749,  0.335029,  0.000000,  0.463733,  0.000000
 -0.240238,  0.000000,  0.970714,  0.000000,  1.000000,  0.000000, -0.970714,  0.000000, -0.240238,  0.338543,  0.000000,  0.462913,  0.000000
 -0.242734,  0.000000,  0.970093,  0.000000,  1.000000,  0.000000, -0.970093,  0.000000, -0.242734,  0.342066,  0.000000,  0.462082,  0.000000
 -0.245237,  0.000000,  0.969463,  0.000000,  1.000000,  0.000000, -0.969463,  0.000000, -0.245237,  0.345599,  0.000000,  0.461239,  0.000000
 -0.247746,  0.000000,  0.968825,  0.000000,  1.000000,  0.000000, -0.968825,  0.000000, -0.247746,  0.349141,  0.000000,  0.460384,  0.000000
 -0.250262,  0.000000,  0.968178,  0.000000,  1.000000,  0.000000, -0.968178,  0.000000, -0.250262,  0.352691,  0.000000,  0.459517,  0.000000
 -0.252784,  0.000000,  0.967523,  0.000000,  1.000000,  0.000000, -0.967523,  0.000000, -0.252784,  0.356251,  0.000000,  0.458638,  0.000000
 -0.255311,  0.000000,  0.966859,  0.000000,  1.000000,  0.000000, -0.966859,  0.000000, -0.255311,  0.359819,  0.000000,  0.457747,  0.000000
 -0.257844,  0.000000,  0.966186,  0.000000,  1.000000,  0.000000, -0.966186,  0.000000, -0.257844,  0.363395,  0.000000,  0.456845,  0.000000
 -0.260383,  0.000000,  0.965505,  0.000000,  1.000000,  0.000000, -0.965505,  0.000000, -0.260383,  0.366979,  0.000000,  0.455930,  0.000000
 -0.262928,  0.000000,  0.964816,  0.000000,  1.000000,  0.000000, -0.964816,  0.000000, -0.262928,  0.370571,  0.000000,  0.455003,  0.000000
 -0.265477,  0.000000,  0.964117,  0.000000,  1.000000,  0.000000, -0.964117,  0.000000, -0.265477,  0.374170,  0.000000,  0.454064,  0.000000
 -0.268031,  0.000000,  0.963410,  0.000000,  1.000000,  0.000000, -0.963410,  0.000000, -0.268031,  0.377777,  0.000000,  0.453113,  0.000000
 -0.270591,  0.000000,  0.962694,  0.000000,  1.000000,  0.000000, -0.962694,  0.000000, -0.270591,  0.381390,  0.000000,  0.452150,  0.000000
 -0.273155,  0.000000,  0.961970,  0.000000,  1.000000,  0.000000, -0.961970,  0.000000, -0.273155,  0.385011,  0.000000,  0.451174,  0.000000
 -0.275723,  0.000000,  0.961237,  0.000000,  1.000000,  0.000000, -0.961237,  0.000000, -0.275723,  0.388637,  0.000000,  0.450187,  0.000000
 -0.278296,  0.000000,  0.960495,  0.000000,  1.000000,  0.000000, -0.960495,  0.000000, -0.278296,  0.392270,  0.000000,  0.449187,  0.000000
 -0.280873,  0.000000,  0.959745,  0.000000,  1.000000,  0.000000, -0.959745,  0.000000, -0.280873,  0.395909,  0.000000,  0.448176,  0.000000
 -0.283454,  0.000000,  0.958986,  0.000000,  1.000000,  0.000000, -0.958986,  0.000000, -0.283454,  0.399554,  0.000000,  0.447152,  0.000000
 -0.286039,  0.000000,  0.958218,  0.000000,  1.000000,  0.000000, -0.958218,  0.000000, -0.286039,  0.403204,  0.000000,  0.446116,  0.000000
 -0.288627,  0.000000,  0.957442,  0.000000,  1.000000,  0.000000, -0.957442,  0.000000, -0.288627,  0.406860,  0.000000,  0.445068,  0.000000
 -0.291219,  0.000000,  0.956656,  0.000000,  1.000000,  0.000000, -0.956656,  0.000000, -0.291219,  0.410520,  0.000000,  0.444007,  0.000000
 -0.293814,  0.000000,  0.955863,  0.000000,  1.000000,  0.000000, -0.955863,  0.000000, -0.293814,  0.414185,  0.000000,  0.442935,  0.000000
 -0.296412,  0.000000,  0.955060,  0.000000,  1.000000,  0.000000, -0.955060,  0.000000, -0.296412,  0.417855,  0.000000,  0.441850,  0.000000
 -0.299013,  0.000000,  0.954249,  0.000000,  1.000000,  0.000000, -0.954249,  0.000000, -0.299013,  0.421528,  0.000000,  0.440754,  0.000000
 -0.301617,  0.000000,  0.953429,  0.000000,  1.000000,  0.000000, -0.953429,  0.000000, -0.301617,  0.425206,  0.000000,  0.439645,  0.000000
 -0.304223,  0.000000,  0.952601,  0.000000,  1.000000,  0.000000, -0.952601,  0.000000, -0.304223,  0.428888,  0.000000,  0.438524,  0.000000
 -0.306832,  0.000000,  0.951764,  0.000000,  1.000000,  0.000000, -0.951764,  0.000000, -0.306832,  0.432572,  0.000000,  0.437391,  0.000000
 -0.309442,  0.000000,  0.950918,  0.000000,  1.000000,  0.000000, -0.950918,  0.000000, -0.309442,  0.436260,  0.000000,  0.436246,  0.000000
 -0.312055,  0.000000,  0.950064,  0.000000,  1.000000,  0.000000, -0.950064,  0.000000, -0.312055,  0.439951,  0.000000,  0.435089,  0.000000
 -0.314669,  0.000000,  0.949201,  0.000000,  1.000000,  0.000000, -0.949201,  0.000000, -0.314669,  0.443645,  0.000000,  0.433920,  0.000000
 -0.317286,  0.000000,  0.948330,  0.000000,  1.000000,  0.000000, -0.948330,  0.000000, -0.317286,  0.447341,  0.000000,  0.432739,  0.000000
 -0.319903,  0.000000,  0.947450,  0.000000,  1.000000,  0.000000, -0.947450,  0.000000, -0.319903,  0.451039,  0.000000,  0.431546,  0.000000
 -0.322522,  0.000000,  0.946562,  0.000000,  1.000000,  0.000000, -0.946562,  0.000000, -0.322522,  0.454739,  0.000000,  0.430341,  0.000000
 -0.325142,  0.000000,  0.945665,  0.000000,  1.000000,  0.000000, -0.945665,  0.000000, -0.325142,  0.458441,  0.000000,  0.429124,  0.000000
 -0.327762,  0.000000,  0.944760,  0.000000,  1.000000,  0.000000, -0.944760,  0.000000, -0.327762,  0.462144,  0.000000,  0.427895,  0.000000
 -0.330384,  0.000000,  0.943847,  0.000000,  1.000000,  0.000000, -0.943847,  0.000000, -0.330384,  0.465849,  0.000000,  0.426655,  0.000000
 -0.333006,  0.000000,  0.942925,  0.000000,  1.000000,  0.000000, -0.942925,  0.000000, -0.333006,  0.469554,  0.000000,  0.425403,  0.000000
 -0.335628,  0.000000,  0.941995,  0.000000,  1.000000,  0.000000, -0.941995,  0.000000, -0.335628,  0.473260,  0.000000,  0.424139,  0.000000
 -0.338250,  0.000000,  0.941056,  0.000000,  1.000000,  0.000000, -0.941056,  0.000000, -0.338250,  0.476966,  0.000000,  0.422863,  0.000000
 -0.340873,  0.000000,  0.940109,  0.000000,  1.000000,  0.000000, -0.940109,  0.000000, -0.340873,  0.480672,  0.000000,  0.421576,  0.000000
 -0.343495,  0.000000,  0.939154,  0.000000,  1.000000,  0.000000, -0.939154,  0.000000, -0.343495,  0.484378,  0.000000,  0.420277,  0.000000
 -0.346117,  0.000000,  0.938191,  0.000000,  1.000000,  0.000000, -0.938191,  0.000000, -0.346117,  0.488084,  0.000000,  0.418967,  0.000000
 -0.348738,  0.000000,  0.937220,  0.000000,  1.000000,  0.000000, -0.937220,  0.000000, -0.348738,  0.491789,  0.000000,  0.417645,  0.000000
 -0.351359,  0.000000,  0.936241,  0.000000,  1.000000,  0.000000, -0.936241,  0.000000, -0.351359,  0.495493,  0.000000,  0.416312,  0.000000
 -0.353978,  0.000000,  0.935254,  0.000000,  1.000000,  0.000000, -0.935254,  0.000000, -0.353978,  0.499196,  0.000000,  0.414968,  0.000000
 -0.356597,  0.000000,  0.934258,  0.000000,  1.000000,  0.000000, -0.934258,  0.000000, -0.356597,  0.502898,  0.000000,  0.413613,  0.000000
 -0.359214,  0.000000,  0.933255,  0.000000,  1.000000,  0.000000, -0.933255,  0.000000, -0.359214,  0.506598,  0.000000,  0.412246,  0.000000
 -0.361830,  0.000000,  0.932244,  0.000000,  1.000000,  0.000000, -0.932244,  0.000000, -0.361830,  0.510296,  0.000000,  0.410868,  0.000000
 -0.364444,  0.000000,  0.931225,  0.000000,  1.000000,  0.000000, -0.931225,  0.000000, -0.364444,  0.513992,  0.000000,  0.409479,  0.000000
 -0.367057,  0.000000,  0.930199,  0.000000,  1.000000,  0.000000, -0.930199,  0.000000, -0.367057,  0.517686,  0.000000,  0.408080,  0.000000
 -0.369667,  0.000000,  0.929164,  0.000000,  1.000000,  0.000000, -0.929164,  0.000000, -0.369667,  0.521376,  0.000000,  0.406669,  0.000000
 -0.372275,  0.000000,  0.928122,  0.000000,  1.000000,  0.000000, -0.928122,  0.000000, -0.372275,  0.525064,  0.000000,  0.405248,  0.000000
 -0.374881,  0.000000,  0.927073,  0.000000,  1.000000,  0.000000, -0.927073,  0.000000, -0.374881,  0.528749,  0.000000,  0.403816,  0.000000
 -0.377485,  0.000000,  0.926016,  0.000000,  1.000000,  0.000000, -0.926016,  0.000000, -0.377485,  0.532431,  0.000000,  0.402373,  0.000000
 -0.380086,  0.000000,  0.924951,  0.000000,  1.000000,  0.000000, -0.924951,  0.000000, -0.380086,  0.536109,  0.000000,  0.400920,  0.000000
 -0.382683,  0.000000,  0.923880,  0.000000,  1.000000,  0.000000, -0.923880,  0.000000, -0.382683,  0.539782,  0.000000,  0.399456,  0.000000
 -0.385278,  0.000000,  0.922800,  0.000000,  1.000000,  0.000000, -0.922800,  0.000000, -0.385278,  0.543452,  0.000000,  0.397982,  0.000000
 -0.387870,  0.000000,  0.921714,  0.000000,  1.000000,  0.000000, -0.921714,  0.000000, -0.387870,  0.547118,  0.000000,  0.396498,  0.000000
 -0.390458,  0.000000,  0.920621,  0.000000,  1.000000,  0.000000, -0.920621,  0.000000, -0.390458,  0.550778,  0.000000,  0.395004,  0.000000
 -0.393043,  0.000000,  0.919520,  0.000000,  1.000000,  0.000000, -0.919520,  0.000000, -0.393043,  0.554434,  0.000000,  0.393500,  0.000000
 -0.395624,  0.000000,  0.918412,  0.000000,  1.000000,  0.000000, -0.918412,  0.000000, -0.395624,  0.558085,  0.000000,  0.391985,  0.000000
 -0.398201,  0.000000,  0.917298,  0.000000,  1.000000,  0.000000, -0.917298,  0.000000, -0.398201,  0.561731,  0.000000,  0.390462,  0.000000
 -0.400775,  0.000000,  0.916177,  0.000000,  1.000000,  0.000000, -0.916177,  0.000000, -0.400775,  0.565371,  0.000000,  0.388928,  0.000000
 -0.403344,  0.000000,  0.915049,  0.000000,  1.000000,  0.000000, -0.915049,  0.000000, -0.403344,  0.569005,  0.000000,  0.387385,  0.000000
 -0.405908,  0.000000,  0.913914,  0.000000,  1.000000,  0.000000, -0.913914,  0.000000, -0.405908,  0.572633,  0.000000,  0.385832,  0.000000
 -0.408468,  0.000000,  0.912773,  0.000000,  1.000000,  0.000000, -0.912773,  0.000000, -0.408468,  0.576255,  0.000000,  0.384270,  0.000000
 -0.411024,  0.000000,  0.911625,  0.000000,  1.000000,  0.000000, -0.911625,  0.000000, -0.411024,  0.579870,  0.000000,  0.382699,  0.000000
 -0.413574,  0.000000,  0.910470,  0.000000,  1.000000,  0.000000, -0.910470,  0.000000, -0.413574,  0.583479,  0.000000,  0.381118,  0.000000
 -0.416120,  0.000000,  0.909310,  0.000000,  1.000000,  0.000000, -0.909310,  0.000000, -0.416120,  0.587081,  0.000000,  0.379529,  0.000000
 -0.418660,  0.000000,  0.908143,  0.000000,  1.000000,  0.000000, -0.908143,  0.000000, -0.418660,  0.590675,  0.000000,  0.377931,  0.000000
 -0.421195,  0.000000,  0.906970,  0.000000,  1.000000,  0.000000, -0.906970,  0.000000, -0.421195,  0.594262,  0.000000,  0.376324,  0.000000
 -0.423724,  0.000000,  0.905791,  0.000000,  1.000000,  0.000000, -0.905791,  0.000000, -0.423724,  0.597842,  0.000000,  0.374708,  0.000000
