  0.000000,  0.000000,  1.000000,  0.000000,  1.000000,  0.000000, -1.000000,  0.000000,  0.000000,  0.000000,  0.000000,  0.500000,  0.000000
  0.000000,  0.000000,  1.000000,  0.000000,  1.000000,  0.000000, -1.000000,  0.000000,  0.000000,  0.000000,  0.000000,  0.500000,  0.000000
  0.000000,  0.000000,  1.000000,  0.000000,  1.000000,  0.000000, -1.000000,  0.000000,  0.000000,  0.000000,  0.000000,  0.500000,  0.000000
  0.000000,  0.000000,  1.000000,  0.000000,  1.000000,  0.000000, -1.000000,  0.000000,  0.000000,  0.000000,  0.000000,  0.500000,  0.000000
  0.000000,  0.000000,  1.000000,  0.000000,  1.000000,  0.000000, -1.000000,  0.000000,  0.000000,  0.000001,  0.000000,  0.500000,  0.000000
 -0.000001, -0.000001,  1.000000, -0.000000,  1.000000,  0.000001, -1.000000, -0.000000, -0.000001,  0.000001,  0.000000,  0.500000,  0.000000
 -0.000001, -0.000002,  1.000000, -0.000001,  1.000000,  0.000002, -1.000000, -0.000001, -0.000001,  0.000002,  0.000000,  0.500000,  0.000000
 -0.000002, -0.000003,  1.000000, -0.000001,  1.000000,  0.000003, -1.000000, -0.000001, -0.000002,  0.000004,  0.000000,  0.500000,  0.000000
 -0.000003, -0.000004,  1.000000, -0.000002,  1.000000,  0.000004, -1.000000, -0.000002, -0.000003,  0.000006,  0.000000,  0.500000,  0.000000
 -0.000004, -0.000006,  1.000000, -0.000002,  1.000000,  0.000006, -1.000000, -0.000002, -0.000004,  0.000008,  0.000000,  0.500000,  0.000000
 -0.000006, -0.000008,  1.000000, -0.000003,  1.000000,  0.000008, -1.000000, -0.000003, -0.000006,  0.000011,  0.000000,  0.500001,  0.000000
 -0.000008, -0.000011,  1.000000, -0.000004,  1.000000,  0.000011, -1.000000, -0.000004, -0.000008,  0.000014,  0.000000,  0.500001,  0.000000
 -0.000011, -0.000014,  1.000000, -0.000006,  1.000000,  0.000014, -1.000000, -0.000006, -0.000011,  0.000019,  0.000000,  0.500001,  0.000000
 -0.000013, -0.000018,  1.000000, -0.000007,  1.000000,  0.000018, -1.000000, -0.000007, -0.000013,  0.000024,  0.000000,  0.500001,  0.000000
 -0.000017, -0.000022,  1.000000, -0.000009,  1.000000,  0.000022, -1.000000, -0.000009, -0.000017,  0.000029,  0.000000,  0.500002,  0.000000
 -0.000021, -0.000027,  1.000000, -0.000011,  1.000000,  0.000027, -1.000000, -0.000011, -0.000021,  0.000036,  0.000000,  0.500002,  0.000000
 -0.000025, -0.000033,  1.000000, -0.000014,  1.000000,  0.000033, -1.000000, -0.000014, -0.000025,  0.000044,  0.000000,  0.500003,  0.000000
 -0.000030, -0.000039,  1.000000, -0.000016,  1.000000,  0.000039, -1.000000, -0.000016, -0.000030,  0.000052,  0.000001,  0.500003,  0.000000
 -0.000035, -0.000047,  1.000000, -0.000019,  1.000000,  0.000047, -1.000000, -0.000019, -0.000035,  0.000062,  0.000001,  0.500004,  0.000000
 -0.000041, -0.000055,  1.000000, -0.000023,  1.000000,  0.000055, -1.000000, -0.000023, -0.000041,  0.000073,  0.000001,  0.500004,  0.000000
 -0.000048, -0.000064,  1.000000, -0.000026,  1.000000,  0.000064, -1.000000, -0.000026, -0.000048,  0.000085,  0.000001,  0.500005,  0.000000
 -0.000056, -0.000074,  1.000000, -0.000031,  1.000000,  0.000074, -1.000000, -0.000031, -0.000056,  0.000098,  0.000001,  0.500006,  0.000000
 -0.000064, -0.000085,  1.000000, -0.000035,  1.000000,  0.000085, -1.000000, -0.000035, -0.000064,  0.000113,  0.000001,  0.500007,  0.000000
 -0.000073, -0.000096,  1.000000, -0.000040,  1.000000,  0.000096, -1.000000, -0.000040, -0.000073,  0.000128,  0.000001,  0.500008,  0.000000
 -0.000083, -0.000109,  1.000000, -0.000045,  1.000000,  0.000109, -1.000000, -0.000045, -0.000083,  0.000146,  0.000002,  0.500009,  0.000000
 -0.000094, -0.000124,  1.000000, -0.000051,  1.000000,  0.000124, -1.000000, -0.000051, -0.000094,  0.000165,  0.000002,  0.500010,  0.000000
 -0.000105, -0.000139,  1.000000, -0.000057,  1.000000,  0.000139, -1.000000, -0.000057, -0.000105,  0.000185,  0.000002,  0.500011,  0.000000
 -0.000118, -0.000155,  1.000000, -0.000064,  1.000000,  0.000155, -1.000000, -0.000064, -0.000118,  0.000207,  0.000002,  0.500013,  0.000000
 -0.000131, -0.000173,  1.000000, -0.000072,  1.000000,  0.000173, -1.000000, -0.000072, -0.000131,  0.000230,  0.000002,  0.500014,  0.000000
 -0.000145, -0.000192,  1.000000, -0.000079,  1.000000,  0.000192, -1.000000, -0.000079, -0.000145,  0.000255,  0.000003,  0.500016,  0.000000
 -0.000161, -0.000212,  1.000000, -0.000088,  1.000000,  0.000212, -1.000000, -0.000088, -0.000161,  0.000282,  0.000003,  0.500017,  0.000000
 -0.000177, -0.000234,  1.000000, -0.000097,  1.000000,  0.000234, -1.000000, -0.000097, -0.000177,  0.000311,  0.000003,  0.500019,  0.000000
 -0.000194, -0.000257,  1.000000, -0.000106,  1.000000,  0.000256, -1.000000, -0.000106, -0.000194,  0.000342,  0.000004,  0.500021,  0.000000
 -0.000213, -0.000281,  1.000000, -0.000116,  1.000000,  0.000281, -1.000000, -0.000116, -0.000213,  0.000374,  0.000004,  0.500023,  0.000000
 -0.000233, -0.000307,  1.000000, -0.000127,  1.000000,  0.000307, -1.000000, -0.000127, -0.000233,  0.000408,  0.000004,  0.500025,  0.000000
 -0.000253, -0.000334,  1.000000, -0.000138,  1.000000,  0.000334, -1.000000, -0.000138, -0.000253,  0.000445,  0.000005,  0.500027,  0.000000
 -0.000275, -0.000363,  1.000000, -0.000150,  1.000000,  0.000363, -1.000000, -0.000150, -0.000275,  0.000483,  0.000005,  0.500029,  0.000000
 -0.000298, -0.000394,  1.000000, -0.000163,  1.000000,  0.000394, -1.000000, -0.000163, -0.000298,  0.000524,  0.000006,  0.500032,  0.000000
 -0.000323, -0.000426,  1.000000, -0.000176,  1.000000,  0.000426, -1.000000, -0.000176, -0.000323,  0.000567,  0.000006,  0.500035,  0.000000
 -0.000348, -0.000460,  1.000000, -0.000190,  1.000000,  0.000460, -1.000000, -0.000190, -0.000349,  0.000612,  0.000006,  0.500037,  0.000000
 -0.000375, -0.000495,  1.000000, -0.000205,  1.000000,  0.000495, -1.000000, -0.000205, -0.000375,  0.000659,  0.000007,  0.500040,  0.000000
 -0.000404, -0.000532,  1.000000, -0.000221,  1.000000,  0.000532, -1.000000, -0.000220, -0.000404,  0.000709,  0.000008,  0.500043,  0.000000
 -0.000433, -0.000572,  1.000000, -0.000237,  1.000000,  0.000571, -1.000000, -0.000237, -0.000433,  0.000761,  0.000008,  0.500046,  0.000000
 -0.000464, -0.000612,  1.000000, -0.000254,  1.000000,  0.000612, -1.000000, -0.000254, -0.000464,  0.000815,  0.000009,  0.500050,  0.000000
 -0.000497, -0.000655,  1.000000, -0.000272,  1.000000,  0.000655, -1.000000, -0.000271, -0.000497,  0.000872,  0.000009,  0.500053,  0.000000
 -0.000531, -0.000700,  1.000000, -0.000290,  1.000000,  0.000700, -1.000000, -0.000290, -0.000531,  0.000932,  0.000010,  0.500057,  0.000000
 -0.000566, -0.000747,  1.000000, -0.000309,  1.000000,  0.000746, -1.000000, -0.000309, -0.000566,  0.000994,  0.000011,  0.500060,  0.000000
 -0.000603, -0.000795,  1.000000, -0.000330,  1.000000,  0.000795, -1.000000, -0.000329, -0.000603,  0.001059,  0.000011,  0.500064,  0.000000
 -0.000641, -0.000846,  0.999999, -0.000351,  1.000000,  0.000845, -1.000000, -0.000350, -0.000641,  0.001126,  0.000012,  0.500068,  0.000000
 -0.000681, -0.000898,  0.999999, -0.000372,  1.000000,  0.000898, -1.000000, -0.000372, -0.000681,  0.001196,  0.000013,  0.500073,  0.000000
 -0.000722, -0.000953,  0.999999, -0.000395,  0.999999,  0.000953, -1.000000, -0.000394, -0.000723,  0.001269,  0.000014,  0.500077,  0.000000
 -0.000765, -0.001010,  0.999999, -0.000419,  0.999999,  0.001010, -1.000000, -0.000418, -0.000766,  0.001344,  0.000015,  0.500082,  0.000000
 -0.000810, -0.001069,  0.999999, -0.000443,  0.999999,  0.001069, -1.000000, -0.000442, -0.000811,  0.001423,  0.000015,  0.500086,  0.000000
 -0.000856, -0.001130,  0.999999, -0.000469,  0.999999,  0.001130, -1.000000, -0.000468, -0.000857,  0.001504,  0.000016,  0.500091,  0.000000
 -0.000904, -0.001194,  0.999999, -0.000495,  0.999999,  0.001193, -0.999999, -0.000494, -0.000905,  0.001589,  0.000017,  0.500096,  0.000000
 -0.000954, -0.001259,  0.999999, -0.000522,  0.999999,  0.001259, -0.999999, -0.000521, -0.000955,  0.001676,  0.000018,  0.500102,  0.000000
 -0.001006, -0.001327,  0.999999, -0.000550,  0.999999,  0.001327, -0.999999, -0.000549, -0.001006,  0.001767,  0.000019,  0.500107,  0.000000
 -0.001059, -0.001398,  0.999998, -0.000579,  0.999999,  0.001397, -0.999999, -0.000578, -0.001060,  0.001860,  0.000021,  0.500113,  0.000000
 -0.001114, -0.001470,  0.999998, -0.000610,  0.999999,  0.001470, -0.999999, -0.000608, -0.001115,  0.001957,  0.000022,  0.500118,  0.000000
 -0.001171, -0.001545,  0.999998, -0.000641,  0.999999,  0.001545, -0.999999, -0.000639, -0.001172,  0.002057,  0.000023,  0.500124,  0.000000
 -0.001230, -0.001623,  0.999998, -0.000673,  0.999998,  0.001622, -0.999999, -0.000671, -0.001231,  0.002160,  0.000024,  0.500131,  0.000000
 -0.001290, -0.001703,  0.999998, -0.000706,  0.999998,  0.001702, -0.999999, -0.000704, -0.001291,  0.002267,  0.000025,  0.500137,  0.000000
 -0.001353, -0.001785,  0.999997, -0.000740,  0.999998,  0.001784, -0.999999, -0.000738, -0.001354,  0.002376,  0.000027,  0.500144,  0.000000
 -0.001417, -0.001870,  0.999997, -0.000776,  0.999998,  0.001869, -0.999999, -0.000773, -0.001418,  0.002490,  0.000028,  0.500150,  0.000000
 -0.001483, -0.001958,  0.999997, -0.000812,  0.999998,  0.001957, -0.999999, -0.000809, -0.001485,  0.002606,  0.000030,  0.500157,  0.000000
 -0.001551, -0.002048,  0.999997, -0.000850,  0.999998,  0.002047, -0.999998, -0.000846, -0.001553,  0.002726,  0.000031,  0.500164,  0.000000
 -0.001622, -0.002141,  0.999996, -0.000888,  0.999997,  0.002139, -0.999998, -0.000885, -0.001624,  0.002850,  0.000033,  0.500172,  0.000000
 -0.001694, -0.002236,  0.999996, -0.000928,  0.999997,  0.002235, -0.999998, -0.000924, -0.001696,  0.002977,  0.000034,  0.500179,  0.000000
 -0.001768, -0.002334,  0.999996, -0.000969,  0.999997,  0.002333, -0.999998, -0.000965, -0.001771,  0.003107,  0.000036,  0.500187,  0.000000
 -0.001845, -0.002435,  0.999995, -0.001011,  0.999997,  0.002434, -0.999998, -0.001006, -0.001847,  0.003242,  0.000038,  0.500195,  0.000000
 -0.001923, -0.002539,  0.999995, -0.001054,  0.999996,  0.002537, -0.999998, -0.001049, -0.001926,  0.003380,  0.000039,  0.500203,  0.000000
 -0.002004, -0.002646,  0.999994, -0.001098,  0.999996,  0.002643, -0.999997, -0.001093, -0.002006,  0.003521,  0.000041,  0.500211,  0.000000
 -0.002086, -0.002755,  0.999994, -0.001143,  0.999996,  0.002752, -0.999997, -0.001138, -0.002089,  0.003667,  0.000043,  0.500220,  0.000000
 -0.002171, -0.002867,  0.999994, -0.001190,  0.999995,  0.002864, -0.999997, -0.001184, -0.002174,  0.003816,  0.000045,  0.500229,  0.000000
 -0.002258, -0.002982,  0.999993, -0.001238,  0.999995,  0.002979, -0.999997, -0.001231, -0.002262,  0.003969,  0.000047,  0.500238,  0.000000
 -0.002347, -0.003100,  0.999992, -0.001287,  0.999994,  0.003097, -0.999996, -0.001280, -0.002351,  0.004126,  0.000049,  0.500247,  0.000000
 -0.002439, -0.003221,  0.999992, -0.001337,  0.999994,  0.003217, -0.999996, -0.001329, -0.002443,  0.004286,  0.000051,  0.500257,  0.000000
 -0.002532, -0.003345,  0.999991, -0.001389,  0.999993,  0.003341, -0.999996, -0.001380, -0.002537,  0.004451,  0.000054,  0.500266,  0.000000
 -0.002628, -0.003471,  0.999991, -0.001442,  0.999993,  0.003468, -0.999996, -0.001433, -0.002633,  0.004620,  0.000056,  0.500276,  0.000000
 -0.002726, -0.003601,  0.999990, -0.001496,  0.999992,  0.003597, -0.999995, -0.001486, -0.002732,  0.004793,  0.000058,  0.500286,  0.000000
 -0.002827, -0.003734,  0.999989, -0.001551,  0.999992,  0.003730, -0.999995, -0.001541, -0.002833,  0.004969,  0.000061,  0.500296,  0.000000
 -0.002930, -0.003870,  0.999988, -0.001608,  0.999991,  0.003865, -0.999994, -0.001596, -0.002936,  0.005150,  0.000063,  0.500307,  0.000000
 -0.003035, -0.004009,  0.999987, -0.001666,  0.999991,  0.004004, -0.999994, -0.001654, -0.003041,  0.005335,  0.000066,  0.500318,  0.000000
 -0.003142, -0.004152,  0.999986, -0.001725,  0.999990,  0.004146, -0.999994, -0.001712, -0.003149,  0.005525,  0.000069,  0.500329,  0.000000
 -0.003252, -0.004297,  0.999985, -0.001786,  0.999989,  0.004291, -0.999993, -0.001772, -0.003260,  0.005718,  0.000072,  0.500340,  0.000000
 -0.003364, -0.004446,  0.999984, -0.001848,  0.999988,  0.004440, -0.999993, -0.001833, -0.003373,  0.005916,  0.000075,  0.500351,  0.000000
 -0.003479, -0.004598,  0.999983, -0.001911,  0.999988,  0.004591, -0.999992, -0.001895, -0.003488,  0.006118,  0.000078,  0.500363,  0.000000
 -0.003596, -0.004753,  0.999982, -0.001976,  0.999987,  0.004746, -0.999992, -0.001959, -0.003606,  0.006324,  0.000081,  0.500375,  0.000000
 -0.003716, -0.004911,  0.999981, -0.002042,  0.999986,  0.004904, -0.999991, -0.002024, -0.003726,  0.006535,  0.000084,  0.500387,  0.000000
 -0.003838, -0.005073,  0.999980, -0.002109,  0.999985,  0.005065, -0.999990, -0.002090, -0.003849,  0.006750,  0.000087,  0.500399,  0.000000
 -0.003963, -0.005238,  0.999978, -0.002178,  0.999984,  0.005229, -0.999990, -0.002157, -0.003974,  0.006969,  0.000091,  0.500412,  0.000000
 -0.004090, -0.005406,  0.999977, -0.002249,  0.999983,  0.005397, -0.999989, -0.002226, -0.004102,  0.007193,  0.000094,  0.500424,  0.000000
 -0.004219, -0.005578,  0.999976, -0.002320,  0.999982,  0.005569, -0.999988, -0.002297, -0.004232,  0.007422,  0.000098,  0.500437,  0.000000
 -0.004352, -0.005754,  0.999974, -0.002394,  0.999981,  0.005743, -0.999988, -0.002369, -0.004365,  0.007655,  0.000102,  0.500451,  0.000000
 -0.004487, -0.005932,  0.999972, -0.002468,  0.999979,  0.005921, -0.999987, -0.002442, -0.004501,  0.007892,  0.000105,  0.500464,  0.000000
 -0.004624, -0.006115,  0.999971, -0.002544,  0.999978,  0.006103, -0.999986, -0.002516, -0.004639,  0.008134,  0.000109,  0.500478,  0.000000
 -0.004764, -0.006300,  0.999969, -0.002622,  0.999977,  0.006288, -0.999985, -0.002592, -0.004780,  0.008381,  0.000114,  0.500492,  0.000000
 -0.004907, -0.006489,  0.999967, -0.002701,  0.999975,  0.006476, -0.999984, -0.002669, -0.004924,  0.008633,  0.000118,  0.500506,  0.000000
 -0.005052, -0.006682,  0.999965, -0.002782,  0.999974,  0.006668, -0.999983, -0.002748, -0.005070,  0.008889,  0.000122,  0.500520,  0.000000
 -0.005200, -0.006878,  0.999963, -0.002864,  0.999972,  0.006864, -0.999982, -0.002828, -0.005220,  0.009150,  0.000127,  0.500535,  0.000000
 -0.005351, -0.007078,  0.999961, -0.002948,  0.999971,  0.007063, -0.999981, -0.002910, -0.005371,  0.009416,  0.000131,  0.500550,  0.000000
 -0.005504, -0.007282,  0.999958, -0.003033,  0.999969,  0.007265, -0.999980, -0.002993, -0.005526,  0.009686,  0.000136,  0.500565,  0.000000
 -0.005660, -0.007489,  0.999956, -0.003120,  0.999967,  0.007472, -0.999979, -0.003077, -0.005683,  0.009961,  0.000141,  0.500580,  0.000000
 -0.005819, -0.007700,  0.999953, -0.003208,  0.999965,  0.007681, -0.999978, -0.003163, -0.005843,  0.010241,  0.000146,  0.500595,  0.000000
 -0.005981, -0.007915,  0.999951, -0.003298,  0.999963,  0.007895, -0.999977, -0.003251, -0.006006,  0.010527,  0.000151,  0.500611,  0.000000
 -0.006145, -0.008133,  0.999948, -0.003389,  0.999961,  0.008112, -0.999975, -0.003339, -0.006172,  0.010817,  0.000157,  0.500627,  0.000000
 -0.006312, -0.008355,  0.999945, -0.003483,  0.999959,  0.008333, -0.999974, -0.003430, -0.006341,  0.011111,  0.000162,  0.500643,  0.000000
 -0.006482, -0.008581,  0.999942, -0.003577,  0.999957,  0.008558, -0.999973, -0.003522, -0.006512,  0.011411,  0.000168,  0.500660,  0.000000
 -0.006655, -0.008810,  0.999939, -0.003674,  0.999955,  0.008786, -0.999971, -0.003615, -0.006687,  0.011716,  0.000174,  0.500676,  0.000000
 -0.006830, -0.009044,  0.999936, -0.003772,  0.999952,  0.009018, -0.999970, -0.003710, -0.006864,  0.012026,  0.000180,  0.500693,  0.000000
 -0.007009, -0.009281,  0.999932, -0.003871,  0.999950,  0.009254, -0.999968, -0.003806, -0.007044,  0.012341,  0.000186,  0.500710,  0.000000
 -0.007190, -0.009522,  0.999929, -0.003972,  0.999947,  0.009493, -0.999966, -0.003904, -0.007228,  0.012661,  0.000192,  0.500727,  0.000000
 -0.007374, -0.009767,  0.999925, -0.004075,  0.999944,  0.009737, -0.999965, -0.004003, -0.007414,  0.012987,  0.000199,  0.500745,  0.000000
 -0.007561, -0.010016,  0.999921, -0.004180,  0.999941,  0.009984, -0.999963, -0.004104, -0.007603,  0.013317,  0.000206,  0.500762,  0.000000
 -0.007751, -0.010268,  0.999917, -0.004286,  0.999938,  0.010235, -0.999961, -0.004207, -0.007795,  0.013653,  0.000213,  0.500780,  0.000000
 -0.007944, -0.010525,  0.999913, -0.004394,  0.999935,  0.010490, -0.999959, -0.004311, -0.007990,  0.013994,  0.000220,  0.500798,  0.000000
 -0.008140, -0.010786,  0.999909, -0.004504,  0.999932,  0.010749, -0.999957, -0.004416, -0.008188,  0.014340,  0.000227,  0.500817,  0.000000
 -0.008339, -0.011050,  0.999904, -0.004615,  0.999929,  0.011012, -0.999955, -0.004523, -0.008389,  0.014691,  0.000235,  0.500835,  0.000000
 -0.008541, -0.011319,  0.999899, -0.004729,  0.999925,  0.011279, -0.999952, -0.004632, -0.008593,  0.015048,  0.000242,  0.500854,  0.000000
 -0.008745, -0.011592,  0.999895, -0.004844,  0.999922,  0.011550, -0.999950, -0.004742, -0.008801,  0.015409,  0.000250,  0.500873,  0.000000
 -0.008953, -0.011868,  0.999889, -0.004960,  0.999918,  0.011824, -0.999948, -0.004854, -0.009011,  0.015777,  0.000259,  0.500892,  0.000000
 -0.009164, -0.012149,  0.999884, -0.005079,  0.999914,  0.012103, -0.999945, -0.004967, -0.009225,  0.016149,  0.000267,  0.500911,  0.000000
 -0.009378, -0.012434,  0.999879, -0.005199,  0.999910,  0.012386, -0.999943, -0.005082, -0.009441,  0.016527,  0.000276,  0.500931,  0.000000
 -0.009594, -0.012723,  0.999873, -0.005321,  0.999906,  0.012673, -0.999940, -0.005199, -0.009661,  0.016911,  0.000284,  0.500951,  0.000000
 -0.009814, -0.013016,  0.999867, -0.005445,  0.999901,  0.012963, -0.999937, -0.005317, -0.009884,  0.017300,  0.000294,  0.500971,  0.000000
 -0.010037, -0.013314,  0.999861, -0.005570,  0.999897,  0.013258, -0.999934, -0.005436, -0.010110,  0.017694,  0.000303,  0.500991,  0.000000
 -0.010263, -0.013615,  0.999855, -0.005698,  0.999892,  0.013557, -0.999931, -0.005558, -0.010339,  0.018094,  0.000313,  0.501011,  0.000000
 -0.010492, -0.013921,  0.999848, -0.005827,  0.999887,  0.013860, -0.999928, -0.005680, -0.010572,  0.018500,  0.000322,  0.501031,  0.000000
 -0.010724, -0.014231,  0.999841, -0.005958,  0.999882,  0.014167, -0.999925, -0.005805, -0.010808,  0.018911,  0.000333,  0.501052,  0.000000
 -0.010959, -0.014545,  0.999834, -0.006091,  0.999877,  0.014478, -0.999921, -0.005931, -0.011046,  0.019327,  0.000343,  0.501073,  0.000000
 -0.011198, -0.014863,  0.999827, -0.006225,  0.999871,  0.014794, -0.999918, -0.006059, -0.011289,  0.019749,  0.000354,  0.501094,  0.000000
 -0.011439, -0.015185,  0.999819, -0.006362,  0.999866,  0.015113, -0.999914, -0.006188, -0.011534,  0.020177,  0.000365,  0.501115,  0.000000
 -0.011684, -0.015512,  0.999811, -0.006501,  0.999860,  0.015437, -0.999911, -0.006319, -0.011783,  0.020610,  0.000376,  0.501137,  0.000000
 -0.011931, -0.015843,  0.999803, -0.006641,  0.999854,  0.015765, -0.999907, -0.006452, -0.012035,  0.021049,  0.000387,  0.501158,  0.000000
 -0.012182, -0.016179,  0.999795, -0.006783,  0.999847,  0.016097, -0.999903, -0.006586, -0.012290,  0.021494,  0.000399,  0.501180,  0.000000
 -0.012436, -0.016519,  0.999786, -0.006928,  0.999841,  0.016433, -0.999899, -0.006722, -0.012549,  0.021944,  0.000411,  0.501202,  0.000000
 -0.012693, -0.016863,  0.999777, -0.007074,  0.999834,  0.016774, -0.999894, -0.006859, -0.012811,  0.022400,  0.000424,  0.501224,  0.000000
 -0.012954, -0.017211,  0.999768, -0.007222,  0.999827,  0.017119, -0.999890, -0.006998, -0.013076,  0.022862,  0.000437,  0.501246,  0.000000
 -0.013217, -0.017564,  0.999758, -0.007372,  0.999820,  0.017468, -0.999885, -0.007139, -0.013345,  0.023330,  0.000450,  0.501268,  0.000000
 -0.013484, -0.017922,  0.999748, -0.007524,  0.999813,  0.017821, -0.999881, -0.007282, -0.013617,  0.023803,  0.000463,  0.501291,  0.000000
 -0.013754, -0.018283,  0.999738, -0.007678,  0.999805,  0.018179, -0.999876, -0.007426, -0.013892,  0.024283,  0.000477,  0.501313,  0.000000
 -0.014027, -0.018650,  0.999728, -0.007833,  0.999797,  0.018541, -0.999871, -0.007571, -0.014171,  0.024768,  0.000491,  0.501336,  0.000000
 -0.014304, -0.019020,  0.999717, -0.007991,  0.999789,  0.018907, -0.999866, -0.007719, -0.014453,  0.025259,  0.000506,  0.501359,  0.000000
 -0.014584, -0.019395,  0.999706, -0.008151,  0.999781,  0.019278, -0.999860, -0.007868, -0.014739,  0.025755,  0.000521,  0.501382,  0.000000
 -0.014867, -0.019775,  0.999694, -0.008313,  0.999772,  0.019653, -0.999855, -0.008018, -0.015028,  0.026258,  0.000536,  0.501405,  0.000000
 -0.015153, -0.020159,  0.999682, -0.008477,  0.999763,  0.020032, -0.999849, -0.008171, -0.015320,  0.026767,  0.000551,  0.501429,  0.000000
 -0.015442, -0.020547,  0.999670, -0.008643,  0.999754,  0.020416, -0.999843, -0.008325, -0.015616,  0.027281,  0.000567,  0.501452,  0.000000
 -0.015735, -0.020941,  0.999657, -0.008811,  0.999745,  0.020804, -0.999837, -0.008480, -0.015916,  0.027802,  0.000584,  0.501475,  0.000000
 -0.016031, -0.021338,  0.999644, -0.008981,  0.999735,  0.021196, -0.999831, -0.008638, -0.016219,  0.028328,  0.000601,  0.501499,  0.000000
 -0.016331, -0.021740,  0.999630, -0.009153,  0.999725,  0.021593, -0.999825, -0.008797, -0.016525,  0.028860,  0.000618,  0.501523,  0.000000
 -0.016633, -0.022147,  0.999616, -0.009327,  0.999715,  0.021994, -0.999818, -0.008957, -0.016835,  0.029399,  0.000635,  0.501547,  0.000000
 -0.016939, -0.022559,  0.999602, -0.009503,  0.999704,  0.022400, -0.999811, -0.009120, -0.017149,  0.029943,  0.000653,  0.501571,  0.000000
 -0.017249, -0.022975,  0.999587, -0.009681,  0.999693,  0.022810, -0.999804, -0.009284, -0.017466,  0.030494,  0.000672,  0.501595,  0.000000
 -0.017561, -0.023395,  0.999572, -0.009861,  0.999682,  0.023224, -0.999797, -0.009449, -0.017786,  0.031050,  0.000691,  0.501619,  0.000000
 -0.017877, -0.023820,  0.999556, -0.010044,  0.999670,  0.023643, -0.999790, -0.009617, -0.018111,  0.031613,  0.000710,  0.501643,  0.000000
 -0.018196, -0.024250,  0.999540, -0.010228,  0.999658,  0.024067, -0.999782, -0.009785, -0.018438,  0.032181,  0.000730,  0.501667,  0.000000
 -0.018519, -0.024685,  0.999524, -0.010415,  0.999646,  0.024495, -0.999774, -0.009956, -0.018770,  0.032756,  0.000750,  0.501691,  0.000000
 -0.018845, -0.025124,  0.999507, -0.010603,  0.999633,  0.024927, -0.999766, -0.010128, -0.019104,  0.033337,  0.000771,  0.501716,  0.000000
 -0.019174, -0.025568,  0.999489, -0.010794,  0.999620,  0.025364, -0.999758, -0.010302, -0.019443,  0.033924,  0.000792,  0.501740,  0.000000
 -0.019507, -0.026017,  0.999471, -0.010987,  0.999607,  0.025806, -0.999749, -0.010478, -0.019785,  0.034517,  0.000814,  0.501765,  0.000000
 -0.019843, -0.026470,  0.999453, -0.011182,  0.999593,  0.026252, -0.999741, -0.010655, -0.020131,  0.035116,  0.000836,  0.501789,  0.000000
 -0.020182, -0.026928,  0.999434, -0.011380,  0.999579,  0.026702, -0.999732, -0.010834, -0.020480,  0.035721,  0.000858,  0.501814,  0.000000
 -0.020525, -0.027391,  0.999414, -0.011579,  0.999564,  0.027157, -0.999722, -0.011015, -0.020833,  0.036333,  0.000882,  0.501839,  0.000000
 -0.020871, -0.027858,  0.999394, -0.011781,  0.999549,  0.027616, -0.999713, -0.011197, -0.021190,  0.036951,  0.000905,  0.501863,  0.000000
 -0.021221, -0.028330,  0.999373, -0.011985,  0.999534,  0.028081, -0.999703, -0.011381, -0.021551,  0.037575,  0.000930,  0.501888,  0.000000
 -0.021574, -0.028808,  0.999352, -0.012191,  0.999518,  0.028549, -0.999693, -0.011567, -0.021915,  0.038205,  0.000954,  0.501913,  0.000000
 -0.021930, -0.029289,  0.999330, -0.012399,  0.999502,  0.029022, -0.999683, -0.011754, -0.022282,  0.038842,  0.000980,  0.501937,  0.000000
 -0.022290, -0.029776,  0.999308, -0.012610,  0.999485,  0.029500, -0.999672, -0.011943, -0.022654,  0.039484,  0.001006,  0.501962,  0.000000
 -0.022653, -0.030267,  0.999285, -0.012822,  0.999468,  0.029982, -0.999661, -0.012134, -0.023029,  0.040133,  0.001032,  0.501987,  0.000000
 -0.023020, -0.030764,  0.999262, -0.013037,  0.999451,  0.030469, -0.999650, -0.012326, -0.023408,  0.040789,  0.001059,  0.502012,  0.000000
 -0.023390, -0.031265,  0.999237, -0.013254,  0.999433,  0.030961, -0.999639, -0.012520, -0.023791,  0.041450,  0.001087,  0.502036,  0.000000
 -0.023763, -0.031771,  0.999213, -0.013474,  0.999414,  0.031457, -0.999627, -0.012716, -0.024177,  0.042118,  0.001115,  0.502061,  0.000000
 -0.024140, -0.032282,  0.999187, -0.013696,  0.999395,  0.031957, -0.999615, -0.012913, -0.024567,  0.042792,  0.001144,  0.502085,  0.000000
 -0.024520, -0.032797,  0.999161, -0.013920,  0.999376,  0.032463, -0.999602, -0.013112, -0.024961,  0.043473,  0.001174,  0.502110,  0.000000
 -0.024904, -0.033318,  0.999134, -0.014146,  0.999356,  0.032973, -0.999590, -0.013313, -0.025359,  0.044160,  0.001204,  0.502135,  0.000000
 -0.025291, -0.033843,  0.999107, -0.014374,  0.999336,  0.033487, -0.999577, -0.013515, -0.025760,  0.044853,  0.001234,  0.502159,  0.000000
 -0.025681, -0.034374,  0.999079, -0.014605,  0.999315,  0.034006, -0.999563, -0.013719, -0.026165,  0.045553,  0.001266,  0.502184,  0.000000
 -0.026075, -0.034909,  0.999050, -0.014838,  0.999293,  0.034530, -0.999550, -0.013924, -0.026575,  0.046259,  0.001298,  0.502208,  0.000000
 -0.026472, -0.035449,  0.999021, -0.015074,  0.999272,  0.035058, -0.999536, -0.014131, -0.026987,  0.046971,  0.001331,  0.502232,  0.000000
 -0.026873, -0.035994,  0.998991, -0.015312,  0.999249,  0.035591, -0.999522, -0.014340, -0.027404,  0.047690,  0.001364,  0.502256,  0.000000
 -0.027277, -0.036544,  0.998960, -0.015552,  0.999226,  0.036129, -0.999507, -0.014550, -0.027824,  0.048415,  0.001398,  0.502281,  0.000000
 -0.027685, -0.037099,  0.998928, -0.015794,  0.999203,  0.036671, -0.999492, -0.014762, -0.028249,  0.049146,  0.001433,  0.502305,  0.000000
 -0.028096, -0.037659,  0.998896, -0.016039,  0.999178,  0.037218, -0.999477, -0.014976, -0.028677,  0.049884,  0.001469,  0.502329,  0.000000
 -0.028511, -0.038224,  0.998862, -0.016287,  0.999154,  0.037770, -0.999461, -0.015191, -0.029109,  0.050629,  0.001505,  0.502352,  0.000000
 -0.028928, -0.038794,  0.998828, -0.016536,  0.999128,  0.038326, -0.999445, -0.015408, -0.029545,  0.051379,  0.001542,  0.502376,  0.000000
 -0.029350, -0.039368,  0.998794, -0.016788,  0.999103,  0.038887, -0.999428, -0.015626, -0.029984,  0.052137,  0.001580,  0.502400,  0.000000
 -0.029775, -0.039948,  0.998758, -0.017042,  0.999076,  0.039453, -0.999411, -0.015847, -0.030428,  0.052900,  0.001619,  0.502423,  0.000000
 -0.030203, -0.040533,  0.998722, -0.017299,  0.999049,  0.040023, -0.999394, -0.016068, -0.030875,  0.053670,  0.001658,  0.502446,  0.000000
 -0.030635, -0.041123,  0.998684, -0.017558,  0.999021,  0.040598, -0.999376, -0.016291, -0.031327,  0.054447,  0.001698,  0.502469,  0.000000
 -0.031070, -0.041717,  0.998646, -0.017820,  0.998993,  0.041178, -0.999358, -0.016516, -0.031782,  0.055230,  0.001739,  0.502492,  0.000000
 -0.031509, -0.042317,  0.998607, -0.018084,  0.998964,  0.041762, -0.999340, -0.016743, -0.032241,  0.056020,  0.001781,  0.502515,  0.000000
 -0.031951, -0.042922,  0.998567, -0.018350,  0.998934,  0.042351, -0.999321, -0.016971, -0.032704,  0.056816,  0.001823,  0.502538,  0.000000
 -0.032396, -0.043532,  0.998527, -0.018619,  0.998904,  0.042944, -0.999302, -0.017200, -0.033171,  0.057618,  0.001867,  0.502560,  0.000000
 -0.032845, -0.044147,  0.998485, -0.018890,  0.998873,  0.043543, -0.999282, -0.017432, -0.033642,  0.058427,  0.001911,  0.502582,  0.000000
 -0.033298, -0.044767,  0.998442, -0.019164,  0.998841,  0.044146, -0.999262, -0.017664, -0.034117,  0.059243,  0.001956,  0.502604,  0.000000
 -0.033753, -0.045392,  0.998399, -0.019440,  0.998809,  0.044753, -0.999241, -0.017899, -0.034596,  0.060065,  0.002002,  0.502626,  0.000000
 -0.034213, -0.046022,  0.998354, -0.019719,  0.998776,  0.045365, -0.999220, -0.018135, -0.035078,  0.060893,  0.002049,  0.502648,  0.000000
 -0.034675, -0.046657,  0.998309, -0.020000,  0.998742,  0.045982, -0.999198, -0.018372, -0.035565,  0.061728,  0.002097,  0.502669,  0.000000
 -0.035142, -0.047297,  0.998263, -0.020284,  0.998707,  0.046604, -0.999176, -0.018611, -0.036055,  0.062570,  0.002145,  0.502690,  0.000000
 -0.035611, -0.047942,  0.998215, -0.020570,  0.998672,  0.047230, -0.999154, -0.018852, -0.036550,  0.063418,  0.002195,  0.502711,  0.000000
 -0.036084, -0.048593,  0.998167, -0.020859,  0.998636,  0.047861, -0.999131, -0.019094, -0.037049,  0.064273,  0.002245,  0.502731,  0.000000
 -0.036561, -0.049248,  0.998117, -0.021150,  0.998599,  0.048497, -0.999108, -0.019337, -0.037551,  0.065134,  0.002297,  0.502752,  0.000000
 -0.037040, -0.049909,  0.998067, -0.021444,  0.998562,  0.049137, -0.999084, -0.019582, -0.038057,  0.066002,  0.002349,  0.502772,  0.000000
 -0.037524, -0.050574,  0.998015, -0.021740,  0.998523,  0.049782, -0.999059, -0.019829, -0.038568,  0.066876,  0.002403,  0.502791,  0.000000
 -0.038011, -0.051245,  0.997963, -0.022039,  0.998484,  0.050432, -0.999034, -0.020077, -0.039082,  0.067757,  0.002457,  0.502811,  0.000000
 -0.038501, -0.051921,  0.997909, -0.022340,  0.998444,  0.051087, -0.999009, -0.020327, -0.039601,  0.068644,  0.002513,  0.502830,  0.000000
 -0.038994, -0.052602,  0.997854, -0.022644,  0.998404,  0.051746, -0.998983, -0.020578, -0.040123,  0.069538,  0.002569,  0.502848,  0.000000
 -0.039491, -0.053288,  0.997798, -0.022951,  0.998362,  0.052409, -0.998956, -0.020830, -0.040650,  0.070439,  0.002626,  0.502867,  0.000000
 -0.039992, -0.053979,  0.997741, -0.023260,  0.998319,  0.053078, -0.998929, -0.021085, -0.041180,  0.071346,  0.002685,  0.502885,  0.000000
 -0.040495, -0.054675,  0.997683, -0.023571,  0.998276,  0.053751, -0.998902, -0.021340, -0.041714,  0.072259,  0.002745,  0.502903,  0.000000
 -0.041003, -0.055376,  0.997623, -0.023886,  0.998232,  0.054428, -0.998873, -0.021597, -0.042253,  0.073179,  0.002805,  0.502920,  0.000000
 -0.041513, -0.056083,  0.997563, -0.024202,  0.998187,  0.055111, -0.998845, -0.021856, -0.042795,  0.074106,  0.002867,  0.502937,  0.000000
 -0.042027, -0.056795,  0.997501, -0.024522,  0.998141,  0.055798, -0.998815, -0.022116, -0.043342,  0.075039,  0.002930,  0.502953,  0.000000
 -0.042545, -0.057511,  0.997438, -0.024844,  0.998094,  0.056490, -0.998786, -0.022377, -0.043892,  0.075979,  0.002993,  0.502969,  0.000000
 -0.043065, -0.058233,  0.997374, -0.025169,  0.998046,  0.057186, -0.998755, -0.022640, -0.044447,  0.076925,  0.003059,  0.502985,  0.000000
 -0.043590, -0.058960,  0.997308, -0.025496,  0.997998,  0.057887, -0.998724, -0.022904, -0.045006,  0.077878,  0.003125,  0.503000,  0.000000
 -0.044117, -0.059693,  0.997241, -0.025826,  0.997948,  0.058592, -0.998693, -0.023170, -0.045568,  0.078838,  0.003192,  0.503015,  0.000000
 -0.044648, -0.060430,  0.997173, -0.026158,  0.997897,  0.059303, -0.998660, -0.023437, -0.046135,  0.079804,  0.003260,  0.503030,  0.000000
 -0.045182, -0.061173,  0.997104, -0.026494,  0.997846,  0.060018, -0.998627, -0.023705, -0.046706,  0.080777,  0.003330,  0.503044,  0.000000
 -0.045720, -0.061920,  0.997033, -0.026831,  0.997793,  0.060737, -0.998594, -0.023975, -0.047280,  0.081756,  0.003401,  0.503057,  0.000000
 -0.046261, -0.062673,  0.996961, -0.027172,  0.997740,  0.061461, -0.998560, -0.024246, -0.047859,  0.082742,  0.003473,  0.503070,  0.000000
 -0.046805, -0.063431,  0.996888, -0.027515,  0.997685,  0.062190, -0.998525, -0.024519, -0.048442,  0.083734,  0.003546,  0.503083,  0.000000
 -0.047353, -0.064194,  0.996813, -0.027861,  0.997629,  0.062923, -0.998490, -0.024793, -0.049029,  0.084733,  0.003621,  0.503095,  0.000000
 -0.047904, -0.064963,  0.996737, -0.028210,  0.997573,  0.063661, -0.998454, -0.025068, -0.049620,  0.085738,  0.003697,  0.503106,  0.000000
 -0.048458, -0.065736,  0.996660, -0.028561,  0.997515,  0.064404, -0.998417, -0.025345, -0.050215,  0.086750,  0.003774,  0.503117,  0.000000
 -0.049016, -0.066515,  0.996581, -0.028915,  0.997456,  0.065151, -0.998379, -0.025623, -0.050815,  0.087769,  0.003852,  0.503127,  0.000000
 -0.049577, -0.067299,  0.996500, -0.029272,  0.997397,  0.065903, -0.998341, -0.025902, -0.051418,  0.088794,  0.003932,  0.503137,  0.000000
 -0.050141, -0.068088,  0.996419, -0.029631,  0.997336,  0.066659, -0.998302, -0.026183, -0.052025,  0.089825,  0.004013,  0.503147,  0.000000
 -0.050709, -0.068882,  0.996335, -0.029993,  0.997274,  0.067420, -0.998263, -0.026465, -0.052637,  0.090863,  0.004095,  0.503155,  0.000000
 -0.051280, -0.069681,  0.996250, -0.030358,  0.997211,  0.068186, -0.998223, -0.026748, -0.053252,  0.091908,  0.004179,  0.503163,  0.000000
 -0.051854, -0.070486,  0.996164, -0.030726,  0.997146,  0.068956, -0.998182, -0.027032, -0.053872,  0.092959,  0.004264,  0.503171,  0.000000
 -0.052432, -0.071295,  0.996076, -0.031096,  0.997081,  0.069730, -0.998140, -0.027318, -0.054496,  0.094017,  0.004350,  0.503178,  0.000000
 -0.053012, -0.072110,  0.995987, -0.031470,  0.997015,  0.070509, -0.998098, -0.027605, -0.055123,  0.095081,  0.004438,  0.503184,  0.000000
 -0.053596, -0.072930,  0.995896, -0.031845,  0.996947,  0.071293, -0.998055, -0.027894, -0.055755,  0.096152,  0.004527,  0.503190,  0.000000
 -0.054184, -0.073755,  0.995803, -0.032224,  0.996878,  0.072081, -0.998011, -0.028183, -0.056391,  0.097230,  0.004617,  0.503195,  0.000000
 -0.054774, -0.074585,  0.995709, -0.032606,  0.996808,  0.072874, -0.997966, -0.028474, -0.057031,  0.098313,  0.004709,  0.503199,  0.000000
 -0.055368, -0.075421,  0.995613, -0.032990,  0.996737,  0.073671, -0.997921, -0.028766, -0.057676,  0.099404,  0.004803,  0.503202,  0.000000
 -0.055965, -0.076262,  0.995516, -0.033377,  0.996664,  0.074473, -0.997875, -0.029059, -0.058324,  0.100501,  0.004898,  0.503205,  0.000000
 -0.056565, -0.077107,  0.995417, -0.033767,  0.996591,  0.075279, -0.997828, -0.029354, -0.058976,  0.101604,  0.004994,  0.503208,  0.000000
 -0.057169, -0.077958,  0.995316, -0.034160,  0.996516,  0.076090, -0.997780, -0.029650, -0.059633,  0.102714,  0.005092,  0.503209,  0.000000
 -0.057776, -0.078814,  0.995214, -0.034555,  0.996439,  0.076906, -0.997731, -0.029946, -0.060293,  0.103830,  0.005191,  0.503210,  0.000000
 -0.058385, -0.079676,  0.995109, -0.034953,  0.996362,  0.077725, -0.997682, -0.030244, -0.060958,  0.104953,  0.005292,  0.503210,  0.000000
 -0.058999, -0.080542,  0.995004, -0.035354,  0.996283,  0.078549, -0.997632, -0.030543, -0.061627,  0.106082,  0.005395,  0.503209,  0.000000
 -0.059615, -0.081414,  0.994896, -0.035758,  0.996203,  0.079378, -0.997581, -0.030844, -0.062300,  0.107218,  0.005499,  0.503207,  0.000000
 -0.060234, -0.082291,  0.994786, -0.036165,  0.996122,  0.080211, -0.997529, -0.031145, -0.062977,  0.108360,  0.005605,  0.503205,  0.000000
 -0.060857, -0.083172,  0.994675, -0.036575,  0.996039,  0.081049, -0.997476, -0.031448, -0.063658,  0.109509,  0.005712,  0.503202,  0.000000
 -0.061483, -0.084060,  0.994562, -0.036987,  0.995955,  0.081891, -0.997423, -0.031751, -0.064343,  0.110664,  0.005821,  0.503198,  0.000000
 -0.062111, -0.084952,  0.994447, -0.037403,  0.995869,  0.082737, -0.997368, -0.032056, -0.065032,  0.111825,  0.005931,  0.503193,  0.000000
 -0.062743, -0.085849,  0.994331, -0.037821,  0.995782,  0.083588, -0.997313, -0.032362, -0.065726,  0.112993,  0.006043,  0.503188,  0.000000
 -0.063379, -0.086752,  0.994212, -0.038242,  0.995694,  0.084443, -0.997257, -0.032669, -0.066423,  0.114168,  0.006157,  0.503181,  0.000000
 -0.064017, -0.087659,  0.994091, -0.038666,  0.995605,  0.085303, -0.997199, -0.032977, -0.067125,  0.115348,  0.006273,  0.503174,  0.000000
 -0.064658, -0.088572,  0.993969, -0.039093,  0.995513,  0.086166, -0.997141, -0.033286, -0.067831,  0.116535,  0.006390,  0.503166,  0.000000
 -0.065303, -0.089490,  0.993845, -0.039523,  0.995421,  0.087035, -0.997082, -0.033596, -0.068540,  0.117729,  0.006509,  0.503156,  0.000000
 -0.065950, -0.090413,  0.993718, -0.039956,  0.995327,  0.087907, -0.997023, -0.033907, -0.069254,  0.118929,  0.006629,  0.503146,  0.000000
 -0.066601, -0.091341,  0.993590, -0.040391,  0.995232,  0.088784, -0.996962, -0.034219, -0.069972,  0.120135,  0.006751,  0.503135,  0.000000
 -0.067254, -0.092274,  0.993460, -0.040830,  0.995135,  0.089666, -0.996900, -0.034532, -0.070695,  0.121348,  0.006875,  0.503123,  0.000000
 -0.067911, -0.093212,  0.993328, -0.041271,  0.995036,  0.090551, -0.996837, -0.034846, -0.071421,  0.122567,  0.007001,  0.503111,  0.000000
 -0.068571, -0.094156,  0.993193, -0.041715,  0.994936,  0.091441, -0.996774, -0.035161, -0.072151,  0.123792,  0.007129,  0.503097,  0.000000
 -0.069233, -0.095104,  0.993057, -0.042163,  0.994835,  0.092335, -0.996709, -0.035477, -0.072886,  0.125024,  0.007258,  0.503082,  0.000000
 -0.069899, -0.096058,  0.992918, -0.042613,  0.994732,  0.093234, -0.996643, -0.035794, -0.073624,  0.126262,  0.007390,  0.503066,  0.000000
 -0.070568, -0.097017,  0.992778, -0.043066,  0.994627,  0.094136, -0.996577, -0.036112, -0.074367,  0.127506,  0.007523,  0.503049,  0.000000
 -0.071240, -0.097981,  0.992635, -0.043522,  0.994521,  0.095043, -0.996509, -0.036431, -0.075114,  0.128757,  0.007658,  0.503031,  0.000000
 -0.071914, -0.098949,  0.992490, -0.043981,  0.994414,  0.095954, -0.996441, -0.036751, -0.075864,  0.130014,  0.007795,  0.503012,  0.000000
 -0.072592, -0.099923,  0.992344, -0.044443,  0.994304,  0.096870, -0.996371, -0.037071, -0.076619,  0.131277,  0.007933,  0.502992,  0.000000
 -0.073272, -0.100902,  0.992194, -0.044908,  0.994193,  0.097789, -0.996300, -0.037393, -0.077378,  0.132546,  0.008074,  0.502971,  0.000000
 -0.073956, -0.101887,  0.992043, -0.045376,  0.994081,  0.098713, -0.996229, -0.037715, -0.078141,  0.133822,  0.008217,  0.502949,  0.000000
 -0.074642, -0.102876,  0.991890, -0.045847,  0.993967,  0.099641, -0.996156, -0.038038, -0.078908,  0.135104,  0.008361,  0.502926,  0.000000
 -0.075332, -0.103870,  0.991734, -0.046321,  0.993851,  0.100573, -0.996082, -0.038362, -0.079680,  0.136392,  0.008508,  0.502901,  0.000000
 -0.076024, -0.104869,  0.991576, -0.046798,  0.993733,  0.101509, -0.996007, -0.038687, -0.080455,  0.137686,  0.008656,  0.502876,  0.000000
 -0.076719, -0.105873,  0.991416, -0.047278,  0.993614,  0.102450, -0.995931, -0.039012, -0.081234,  0.138987,  0.008807,  0.502849,  0.000000
 -0.077417, -0.106883,  0.991253, -0.047761,  0.993493,  0.103394, -0.995854, -0.039339, -0.082018,  0.140294,  0.008959,  0.502821,  0.000000
 -0.078118, -0.107897,  0.991088, -0.048247,  0.993370,  0.104343, -0.995776, -0.039666, -0.082805,  0.141606,  0.009113,  0.502792,  0.000000
 -0.078821, -0.108916,  0.990921, -0.048736,  0.993246,  0.105295, -0.995697, -0.039994, -0.083597,  0.142925,  0.009270,  0.502762,  0.000000
 -0.079528, -0.109941,  0.990751, -0.049228,  0.993120,  0.106252, -0.995616, -0.040322, -0.084393,  0.144251,  0.009429,  0.502731,  0.000000
 -0.080237, -0.110970,  0.990579, -0.049723,  0.992992,  0.107213, -0.995535, -0.040652, -0.085192,  0.145582,  0.009589,  0.502698,  0.000000
 -0.080949, -0.112004,  0.990405, -0.050221,  0.992862,  0.108178, -0.995452, -0.040982, -0.085996,  0.146919,  0.009752,  0.502664,  0.000000
 -0.081664, -0.113044,  0.990228, -0.050722,  0.992731,  0.109146, -0.995368, -0.041313, -0.086804,  0.148263,  0.009917,  0.502629,  0.000000
 -0.082381, -0.114088,  0.990049, -0.051226,  0.992597,  0.110119, -0.995284, -0.041644, -0.087616,  0.149612,  0.010084,  0.502592,  0.000000
 -0.083102, -0.115137,  0.989867, -0.051733,  0.992462,  0.111096, -0.995197, -0.041976, -0.088432,  0.150968,  0.010253,  0.502555,  0.000000
